Task started: 17-Oct-2024 21:13:40

Processing brick 1 of 1
Calculated joint angles to reach brick 1:
-0.800000 0.949737 1.570796 0.107606 -0.279775 -1.514437 -2.186991 \nEnd-effector transform while moving to brick 1:
-0.000000 -0.000000 -1.000000 -0.223150
1.000000 -0.000000 0.000000 0.000000
-0.000000 -1.000000 0.000000 1.393950
0.000000 0.000000 0.000000 1.000000
End-effector transform while moving to brick 1:
0.000006 0.000000 -1.000000 -0.223158
1.000000 0.000008 0.000006 0.000008
0.000008 -1.000000 -0.000000 1.393950
0.000000 0.000000 0.000000 1.000000
End-effector transform while moving to brick 1:
0.000045 0.000000 -1.000000 -0.223214
1.000000 0.000063 0.000045 0.000063
0.000063 -1.000000 -0.000000 1.393950
0.000000 0.000000 0.000000 1.000000
End-effector transform while moving to brick 1:
0.000150 0.000000 -1.000000 -0.223363
1.000000 0.000210 0.000150 0.000209
0.000210 -1.000000 -0.000000 1.393950
0.000000 0.000000 0.000000 1.000000
End-effector transform while moving to brick 1:
0.000350 0.000001 -1.000000 -0.223646
1.000000 0.000489 0.000350 0.000488
0.000489 -1.000000 -0.000001 1.393950
0.000000 0.000000 0.000000 1.000000
End-effector transform while moving to brick 1:
0.000673 0.000004 -1.000000 -0.224105
0.999999 0.000940 0.000673 0.000939
0.000940 -1.000000 -0.000003 1.393949
0.000000 0.000000 0.000000 1.000000
End-effector transform while moving to brick 1:
0.001146 0.000011 -0.999999 -0.224776
0.999998 0.001599 0.001146 0.001597
0.001599 -0.999999 -0.000009 1.393946
0.000000 0.000000 0.000000 1.000000
End-effector transform while moving to brick 1:
0.001790 0.000026 -0.999998 -0.225694
0.999995 0.002500 0.001790 0.002496
0.002500 -0.999997 -0.000021 1.393941
0.000000 0.000000 0.000000 1.000000
End-effector transform while moving to brick 1:
0.002630 0.000056 -0.999997 -0.226892
0.999990 0.003672 0.002630 0.003667
0.003672 -0.999993 -0.000046 1.393931
0.000000 0.000000 0.000000 1.000000
End-effector transform while moving to brick 1:
0.003684 0.000109 -0.999993 -0.228402
0.999980 0.005145 0.003685 0.005138
0.005145 -0.999987 -0.000090 1.393913
0.000000 0.000000 0.000000 1.000000
End-effector transform while moving to brick 1:
0.004971 0.000199 -0.999988 -0.230254
0.999964 0.006944 0.004973 0.006934
0.006945 -0.999976 -0.000164 1.393882
0.000000 0.000000 0.000000 1.000000
End-effector transform while moving to brick 1:
0.006507 0.000341 -0.999979 -0.232475
0.999937 0.009092 0.006510 0.009079
0.009094 -0.999959 -0.000282 1.393833
0.000000 0.000000 0.000000 1.000000
End-effector transform while moving to brick 1:
0.008306 0.000556 -0.999965 -0.235093
0.999898 0.011612 0.008312 0.011593
0.011616 -0.999932 -0.000459 1.393759
0.000000 0.000000 0.000000 1.000000
End-effector transform while moving to brick 1:
0.010379 0.000869 -0.999946 -0.238135
0.999841 0.014520 0.010391 0.014495
0.014529 -0.999894 -0.000718 1.393652
0.000000 0.000000 0.000000 1.000000
End-effector transform while moving to brick 1:
0.012735 0.001311 -0.999918 -0.241626
0.999760 0.017835 0.012756 0.017800
0.017851 -0.999840 -0.001083 1.393500
0.000000 0.000000 0.000000 1.000000
End-effector transform while moving to brick 1:
0.015380 0.001917 -0.999880 -0.245591
0.999648 0.021571 0.015418 0.021521
0.021598 -0.999765 -0.001584 1.393292
0.000000 0.000000 0.000000 1.000000
End-effector transform while moving to brick 1:
0.018316 0.002728 -0.999829 -0.250054
0.999500 0.025741 0.018380 0.025669
0.025786 -0.999665 -0.002255 1.393013
0.000000 0.000000 0.000000 1.000000
End-effector transform while moving to brick 1:
0.021543 0.003791 -0.999761 -0.255039
0.999305 0.030354 0.021648 0.030252
0.030429 -0.999532 -0.003134 1.392648
0.000000 0.000000 0.000000 1.000000
End-effector transform while moving to brick 1:
0.025054 0.005157 -0.999673 -0.260569
0.999054 0.035420 0.025221 0.035276
0.035538 -0.999359 -0.004265 1.392178
0.000000 0.000000 0.000000 1.000000
End-effector transform while moving to brick 1:
0.028840 0.006885 -0.999560 -0.266668
0.998738 0.040946 0.029098 0.040742
0.041128 -0.999138 -0.005695 1.391583
0.000000 0.000000 0.000000 1.000000
End-effector transform while moving to brick 1:
0.032884 0.009034 -0.999418 -0.273357
0.998343 0.046938 0.033273 0.046649
0.047211 -0.998857 -0.007476 1.390842
0.000000 0.000000 0.000000 1.000000
End-effector transform while moving to brick 1:
0.037165 0.011673 -0.999241 -0.280659
0.997860 0.053400 0.037738 0.052995
0.053800 -0.998505 -0.009663 1.389931
0.000000 0.000000 0.000000 1.000000
End-effector transform while moving to brick 1:
0.041654 0.014870 -0.999021 -0.288595
0.997274 0.060334 0.042479 0.059772
0.060907 -0.998067 -0.012316 1.388826
0.000000 0.000000 0.000000 1.000000
End-effector transform while moving to brick 1:
0.046314 0.018698 -0.998752 -0.297186
0.996572 0.067743 0.047481 0.066970
0.068546 -0.997528 -0.015496 1.387499
0.000000 0.000000 0.000000 1.000000
End-effector transform while moving to brick 1:
0.051100 0.023232 -0.998423 -0.306451
0.995741 0.075627 0.052722 0.074575
0.076733 -0.996865 -0.019268 1.385923
0.000000 0.000000 0.000000 1.000000
End-effector transform while moving to brick 1:
0.055960 0.028547 -0.998025 -0.316409
0.994767 0.083987 0.058179 0.082571
0.085482 -0.996058 -0.023698 1.384069
0.000000 0.000000 0.000000 1.000000
End-effector transform while moving to brick 1:
0.060830 0.034718 -0.997544 -0.327077
0.993635 0.092823 0.063822 0.090936
0.094811 -0.995077 -0.028850 1.381909
0.000000 0.000000 0.000000 1.000000
End-effector transform while moving to brick 1:
0.065637 0.041817 -0.996967 -0.338470
0.992332 0.102134 0.069616 0.099647
0.104735 -0.993891 -0.034793 1.379413
0.000000 0.000000 0.000000 1.000000
End-effector transform while moving to brick 1:
0.070300 0.049914 -0.996276 -0.350602
0.990843 0.111920 0.075524 0.108674
0.115273 -0.992463 -0.041589 1.376551
0.000000 0.000000 0.000000 1.000000
End-effector transform while moving to brick 1:
0.074725 0.059073 -0.995453 -0.363484
0.989156 0.122182 0.081503 0.117986
0.126441 -0.990748 -0.049302 1.373294
0.000000 0.000000 0.000000 1.000000
End-effector transform while moving to brick 1:
0.078808 0.069350 -0.994475 -0.377124
0.987256 0.132920 0.087506 0.127548
0.138255 -0.988697 -0.057991 1.369614
0.000000 0.000000 0.000000 1.000000
End-effector transform while moving to brick 1:
0.082437 0.080794 -0.993316 -0.391528
0.985132 0.144140 0.093482 0.137320
0.150729 -0.986254 -0.067710 1.365483
0.000000 0.000000 0.000000 1.000000
End-effector transform while moving to brick 1:
0.085489 0.093440 -0.991948 -0.406699
0.982770 0.155843 0.099378 0.147261
0.163874 -0.983352 -0.078507 1.360874
0.000000 0.000000 0.000000 1.000000
End-effector transform while moving to brick 1:
0.087831 0.107313 -0.990338 -0.422634
0.980158 0.168039 0.105137 0.157326
0.177698 -0.979922 -0.090425 1.355764
0.000000 0.000000 0.000000 1.000000
End-effector transform while moving to brick 1:
0.089325 0.122422 -0.988450 -0.439328
0.977282 0.180735 0.110700 0.167465
0.192199 -0.975883 -0.103497 1.350131
0.000000 0.000000 0.000000 1.000000
End-effector transform while moving to brick 1:
0.089825 0.138759 -0.986244 -0.456771
0.974129 0.193943 0.116009 0.177630
0.207373 -0.971150 -0.117748 1.343955
0.000000 0.000000 0.000000 1.000000
End-effector transform while moving to brick 1:
0.089182 0.156297 -0.983676 -0.474948
0.970684 0.207680 0.121002 0.187768
0.223202 -0.965630 -0.133194 1.337220
0.000000 0.000000 0.000000 1.000000
End-effector transform while moving to brick 1:
0.087242 0.174989 -0.980698 -0.493840
0.966929 0.221962 0.125622 0.197824
0.239660 -0.959225 -0.149838 1.329912
0.000000 0.000000 0.000000 1.000000
End-effector transform while moving to brick 1:
0.083853 0.194766 -0.977259 -0.513423
0.962845 0.236810 0.129812 0.207745
0.256708 -0.951834 -0.167673 1.322022
0.000000 0.000000 0.000000 1.000000
End-effector transform while moving to brick 1:
0.078865 0.215538 -0.973306 -0.533667
0.958407 0.252247 0.133517 0.217475
0.274292 -0.943353 -0.186680 1.313544
0.000000 0.000000 0.000000 1.000000
End-effector transform while moving to brick 1:
0.072133 0.237190 -0.968782 -0.554537
0.953589 0.268298 0.136691 0.226961
0.292344 -0.933679 -0.206828 1.304476
0.000000 0.000000 0.000000 1.000000
End-effector transform while moving to brick 1:
0.063524 0.259583 -0.963629 -0.575994
0.948356 0.284990 0.139287 0.236147
0.310781 -0.922712 -0.228074 1.294821
0.000000 0.000000 0.000000 1.000000
End-effector transform while moving to brick 1:
0.052912 0.282557 -0.957790 -0.597993
0.942671 0.302346 0.141272 0.244983
0.329501 -0.910356 -0.250361 1.284584
0.000000 0.000000 0.000000 1.000000
End-effector transform while moving to brick 1:
0.040191 0.305929 -0.951206 -0.620484
0.936488 0.320392 0.142614 0.253419
0.348389 -0.896525 -0.273622 1.273777
0.000000 0.000000 0.000000 1.000000
End-effector transform while moving to brick 1:
0.025273 0.329493 -0.943820 -0.643414
0.929755 0.339149 0.143295 0.261408
0.367310 -0.881143 -0.297777 1.262415
0.000000 0.000000 0.000000 1.000000
End-effector transform while moving to brick 1:
0.008091 0.353029 -0.935578 -0.666724
0.922414 0.358632 0.143303 0.268906
0.386118 -0.864149 -0.322737 1.250518
0.000000 0.000000 0.000000 1.000000
End-effector transform while moving to brick 1:
-0.011392 0.376296 -0.926429 -0.690353
0.914399 0.378852 0.142637 0.275875
0.404653 -0.845501 -0.348401 1.238110
0.000000 0.000000 0.000000 1.000000
End-effector transform while moving to brick 1:
-0.033190 0.399046 -0.916330 -0.714236
0.905641 0.399809 0.141307 0.282280
0.422745 -0.825176 -0.374662 1.225218
0.000000 0.000000 0.000000 1.000000
End-effector transform while moving to brick 1:
-0.057282 0.421020 -0.905241 -0.738306
0.896064 0.421493 0.139332 0.288092
0.440214 -0.803172 -0.401405 1.211875
0.000000 0.000000 0.000000 1.000000
End-effector transform while moving to brick 1:
-0.083616 0.441955 -0.893131 -0.762493
0.885590 0.443884 0.136740 0.293287
0.456879 -0.779515 -0.428507 1.198115
0.000000 0.000000 0.000000 1.000000
End-effector transform while moving to brick 1:
-0.112107 0.461592 -0.879980 -0.786728
0.874140 0.466944 0.133572 0.297847
0.472557 -0.754252 -0.455844 1.183976
0.000000 0.000000 0.000000 1.000000
End-effector transform while moving to brick 1:
-0.142635 0.479677 -0.865774 -0.810940
0.861637 0.490625 0.129875 0.301760
0.487069 -0.727459 -0.483288 1.169502
0.000000 0.000000 0.000000 1.000000
End-effector transform while moving to brick 1:
-0.175048 0.495969 -0.850513 -0.835057
0.848007 0.514862 0.125705 0.305019
0.500242 -0.699237 -0.510711 1.154734
0.000000 0.000000 0.000000 1.000000
End-effector transform while moving to brick 1:
-0.209162 0.510244 -0.834208 -0.859011
0.833181 0.539572 0.121125 0.307626
0.511918 -0.669712 -0.537983 1.139719
0.000000 0.000000 0.000000 1.000000
End-effector transform while moving to brick 1:
-0.244766 0.522300 -0.816880 -0.882732
0.817102 0.564660 0.116202 0.309585
0.521952 -0.639032 -0.564982 1.124505
0.000000 0.000000 0.000000 1.000000
End-effector transform while moving to brick 1:
-0.281621 0.531964 -0.798564 -0.906156
0.799723 0.590016 0.111010 0.310909
0.530219 -0.607367 -0.591585 1.109141
0.000000 0.000000 0.000000 1.000000
End-effector transform while moving to brick 1:
-0.319468 0.539094 -0.779306 -0.929219
0.781013 0.615518 0.105623 0.311614
0.536618 -0.574905 -0.617678 1.093676
0.000000 0.000000 0.000000 1.000000
End-effector transform while moving to brick 1:
-0.358032 0.543583 -0.759165 -0.951861
0.760957 0.641031 0.100118 0.311722
0.541071 -0.541846 -0.643153 1.078159
0.000000 0.000000 0.000000 1.000000
End-effector transform while moving to brick 1:
-0.397026 0.545361 -0.738209 -0.974027
0.739559 0.666415 0.094570 0.311262
0.543528 -0.508402 -0.667911 1.062642
0.000000 0.000000 0.000000 1.000000
End-effector transform while moving to brick 1:
-0.436158 0.544398 -0.716518 -0.995665
0.716842 0.691525 0.089053 0.310263
0.543970 -0.474789 -0.691861 1.047172
0.000000 0.000000 0.000000 1.000000
End-effector transform while moving to brick 1:
-0.475136 0.540703 -0.694180 -1.016727
0.692854 0.716212 0.083636 0.308761
0.542402 -0.441227 -0.714926 1.031798
0.000000 0.000000 0.000000 1.000000
End-effector transform while moving to brick 1:
-0.513673 0.534326 -0.671294 -1.037173
0.667659 0.740330 0.078385 0.306793
0.538862 -0.407931 -0.737035 1.016567
0.000000 0.000000 0.000000 1.000000
End-effector transform while moving to brick 1:
-0.551497 0.525355 -0.647961 -1.056965
0.641345 0.763738 0.073359 0.304400
0.533412 -0.375109 -0.758133 1.001524
0.000000 0.000000 0.000000 1.000000
End-effector transform while moving to brick 1:
-0.588350 0.513912 -0.624291 -1.076071
0.614018 0.786304 0.068612 0.301625
0.526143 -0.342958 -0.778173 0.986713
0.000000 0.000000 0.000000 1.000000
End-effector transform while moving to brick 1:
-0.623996 0.500154 -0.600396 -1.094464
0.585805 0.807906 0.064187 0.298511
0.517167 -0.311663 -0.797123 0.972174
0.000000 0.000000 0.000000 1.000000
End-effector transform while moving to brick 1:
-0.658225 0.484266 -0.576391 -1.112124
0.556846 0.828437 0.060122 0.295102
0.506618 -0.281387 -0.814960 0.957946
0.000000 0.000000 0.000000 1.000000
End-effector transform while moving to brick 1:
-0.690857 0.466457 -0.552390 -1.129032
0.527295 0.847805 0.056444 0.291443
0.494648 -0.252278 -0.831672 0.944066
0.000000 0.000000 0.000000 1.000000
End-effector transform while moving to brick 1:
-0.721740 0.446957 -0.528508 -1.145177
0.497318 0.865937 0.053174 0.287579
0.481422 -0.224459 -0.847261 0.930566
0.000000 0.000000 0.000000 1.000000
End-effector transform while moving to brick 1:
-0.750756 0.426010 -0.504857 -1.160552
0.467085 0.882779 0.050323 0.283553
0.467116 -0.198031 -0.861735 0.917477
0.000000 0.000000 0.000000 1.000000
End-effector transform while moving to brick 1:
-0.777820 0.403871 -0.481544 -1.175154
0.436775 0.898295 0.047894 0.279408
0.451912 -0.173073 -0.875112 0.904826
0.000000 0.000000 0.000000 1.000000
End-effector transform while moving to brick 1:
-0.802878 0.380797 -0.458672 -1.188983
0.406564 0.912470 0.045883 0.275185
0.435997 -0.149641 -0.887420 0.892637
0.000000 0.000000 0.000000 1.000000
End-effector transform while moving to brick 1:
-0.825908 0.357048 -0.436339 -1.202043
0.376627 0.925306 0.044277 0.270922
0.419556 -0.127768 -0.898692 0.880932
0.000000 0.000000 0.000000 1.000000
End-effector transform while moving to brick 1:
-0.846918 0.332878 -0.414634 -1.214342
0.347135 0.936826 0.043059 0.266657
0.402773 -0.107467 -0.908969 0.869730
0.000000 0.000000 0.000000 1.000000
End-effector transform while moving to brick 1:
-0.865942 0.308533 -0.393640 -1.225891
0.318252 0.947066 0.042205 0.262423
0.385825 -0.088729 -0.918295 0.859045
0.000000 0.000000 0.000000 1.000000
End-effector transform while moving to brick 1:
-0.883036 0.284247 -0.373432 -1.236702
0.290130 0.956079 0.041688 0.258254
0.368880 -0.071531 -0.926721 0.848890
0.000000 0.000000 0.000000 1.000000
End-effector transform while moving to brick 1:
-0.898280 0.260240 -0.354074 -1.246791
0.262910 0.963928 0.041476 0.254177
0.352096 -0.055833 -0.934297 0.839275
0.000000 0.000000 0.000000 1.000000
End-effector transform while moving to brick 1:
-0.911769 0.236714 -0.335626 -1.256175
0.236722 0.970689 0.041534 0.250220
0.335620 -0.041580 -0.941079 0.830208
0.000000 0.000000 0.000000 1.000000
End-effector transform while moving to brick 1:
-0.923611 0.213853 -0.318134 -1.264872
0.211678 0.976444 0.041827 0.246406
0.319585 -0.028710 -0.947123 0.821691
0.000000 0.000000 0.000000 1.000000
End-effector transform while moving to brick 1:
-0.933927 0.191821 -0.301638 -1.272903
0.187879 0.981280 0.042317 0.242755
0.304109 -0.017151 -0.952483 0.813728
0.000000 0.000000 0.000000 1.000000
End-effector transform while moving to brick 1:
-0.942840 0.170761 -0.286170 -1.280289
0.165407 0.985289 0.042967 0.239286
0.289297 -0.006823 -0.957215 0.806317
0.000000 0.000000 0.000000 1.000000
End-effector transform while moving to brick 1:
-0.950480 0.150795 -0.271750 -1.287052
0.144330 0.988562 0.043742 0.236013
0.275238 0.002354 -0.961373 0.799455
0.000000 0.000000 0.000000 1.000000
End-effector transform while moving to brick 1:
-0.956976 0.132024 -0.258394 -1.293214
0.124700 0.991191 0.044605 0.232948
0.262007 0.010465 -0.965009 0.793137
0.000000 0.000000 0.000000 1.000000
End-effector transform while moving to brick 1:
-0.962453 0.114528 -0.246106 -1.298799
0.106553 0.993264 0.045526 0.230101
0.249662 0.017593 -0.968173 0.787355
0.000000 0.000000 0.000000 1.000000
End-effector transform while moving to brick 1:
-0.967033 0.098368 -0.234885 -1.303830
0.089911 0.994865 0.046472 0.227478
0.238250 0.023822 -0.970912 0.782100
0.000000 0.000000 0.000000 1.000000
End-effector transform while moving to brick 1:
-0.970832 0.083583 -0.224720 -1.308333
0.074780 0.996072 0.047418 0.225084
0.227801 0.029231 -0.973269 0.777359
0.000000 0.000000 0.000000 1.000000
End-effector transform while moving to brick 1:
-0.973956 0.070197 -0.215596 -1.312330
0.061154 0.996957 0.048340 0.222921
0.218333 0.033896 -0.975285 0.773118
0.000000 0.000000 0.000000 1.000000
End-effector transform while moving to brick 1:
-0.976504 0.058214 -0.207488 -1.315848
0.049013 0.997585 0.049216 0.220986
0.209852 0.037890 -0.976999 0.769361
0.000000 0.000000 0.000000 1.000000
End-effector transform while moving to brick 1:
-0.978563 0.047620 -0.200366 -1.318912
0.038322 0.998012 0.050031 0.219278
0.202351 0.041280 -0.978443 0.766069
0.000000 0.000000 0.000000 1.000000
End-effector transform while moving to brick 1:
-0.980212 0.038388 -0.194193 -1.321549
0.029037 0.998288 0.050772 0.217791
0.195810 0.044129 -0.979648 0.763222
0.000000 0.000000 0.000000 1.000000
End-effector transform while moving to brick 1:
-0.981519 0.030474 -0.188925 -1.323784
0.021100 0.998454 0.051430 0.216517
0.190200 0.046494 -0.980644 0.760797
0.000000 0.000000 0.000000 1.000000
End-effector transform while moving to brick 1:
-0.982542 0.023820 -0.184512 -1.325647
0.014443 0.998543 0.052000 0.215446
0.185482 0.048427 -0.981454 0.758769
0.000000 0.000000 0.000000 1.000000
End-effector transform while moving to brick 1:
-0.983331 0.018354 -0.180899 -1.327166
0.008984 0.998582 0.052478 0.214567
0.181605 0.049978 -0.982101 0.757110
0.000000 0.000000 0.000000 1.000000
End-effector transform while moving to brick 1:
-0.983927 0.013991 -0.178021 -1.328371
0.004634 0.998591 0.052867 0.213865
0.178510 0.051193 -0.982606 0.755791
0.000000 0.000000 0.000000 1.000000
End-effector transform while moving to brick 1:
-0.984367 0.010633 -0.175811 -1.329294
0.001290 0.998585 0.053171 0.213325
0.176127 0.052113 -0.982987 0.754778
0.000000 0.000000 0.000000 1.000000
End-effector transform while moving to brick 1:
-0.984678 0.008172 -0.174193 -1.329969
-0.001159 0.998573 0.053396 0.212929
0.174380 0.052780 -0.983263 0.754037
0.000000 0.000000 0.000000 1.000000
End-effector transform while moving to brick 1:
-0.984886 0.006485 -0.173085 -1.330430
-0.002836 0.998561 0.053551 0.212658
0.173183 0.053233 -0.983450 0.753530
0.000000 0.000000 0.000000 1.000000
End-effector transform while moving to brick 1:
-0.985012 0.005439 -0.172399 -1.330715
-0.003876 0.998552 0.053648 0.212490
0.172441 0.053512 -0.983565 0.753216
0.000000 0.000000 0.000000 1.000000
End-effector transform while moving to brick 1:
-0.985078 0.004891 -0.172039 -1.330864
-0.004421 0.998547 0.053699 0.212402
0.172052 0.053658 -0.983625 0.753051
0.000000 0.000000 0.000000 1.000000
End-effector transform while moving to brick 1:
-0.985103 0.004685 -0.171904 -1.330921
-0.004625 0.998545 0.053718 0.212369
0.171905 0.053713 -0.983648 0.752989
0.000000 0.000000 0.000000 1.000000
End-effector transform while moving to brick 1:
-0.985106 0.004655 -0.171884 -1.330929
-0.004655 0.998545 0.053721 0.212364
0.171884 0.053721 -0.983651 0.752980
0.000000 0.000000 0.000000 1.000000
Gripping the brick with fingers.\nFinal joint angles for placing brick 1:
-0.010000 1.896159 -0.935163 -1.679907 -5.238999 1.570798 -4.387121 \nEnd-effector transform while moving brick 1 to final location:
-0.985106 0.004655 -0.171884 -1.330929
-0.004655 0.998545 0.053721 0.212364
0.171884 0.053721 -0.983651 0.752980
0.000000 0.000000 0.000000 1.000000
End-effector transform while moving brick 1 to final location:
-0.985090 0.004623 -0.171978 -1.330931
-0.004697 0.998544 0.053747 0.212361
0.171976 0.053754 -0.983633 0.753005
0.000000 0.000000 0.000000 1.000000
End-effector transform while moving brick 1 to final location:
-0.984978 0.004404 -0.172622 -1.330947
-0.004987 0.998532 0.053930 0.212343
0.172606 0.053980 -0.983511 0.753177
0.000000 0.000000 0.000000 1.000000
End-effector transform while moving brick 1 to final location:
-0.984679 0.003820 -0.174334 -1.330988
-0.005760 0.998502 0.054414 0.212292
0.174281 0.054584 -0.983182 0.753634
0.000000 0.000000 0.000000 1.000000
End-effector transform while moving brick 1 to final location:
-0.984099 0.002708 -0.177601 -1.331066
-0.007239 0.998442 0.055335 0.212196
0.177474 0.055741 -0.982546 0.754508
0.000000 0.000000 0.000000 1.000000
End-effector transform while moving brick 1 to final location:
-0.983136 0.000913 -0.182873 -1.331189
-0.009641 0.998338 0.056815 0.212037
0.182621 0.057619 -0.981493 0.755920
0.000000 0.000000 0.000000 1.000000
End-effector transform while moving brick 1 to final location:
-0.981673 -0.001704 -0.190566 -1.331362
-0.013178 0.998173 0.058959 0.211799
0.190118 0.060389 -0.979902 0.757987
0.000000 0.000000 0.000000 1.000000
End-effector transform while moving brick 1 to final location:
-0.979565 -0.005271 -0.201060 -1.331584
-0.018066 0.997922 0.061854 0.211462
0.200317 0.064223 -0.977624 0.760818
0.000000 0.000000 0.000000 1.000000
End-effector transform while moving brick 1 to final location:
-0.976630 -0.009900 -0.214698 -1.331849
-0.024526 0.997547 0.065566 0.211004
0.213523 0.069300 -0.974477 0.764521
0.000000 0.000000 0.000000 1.000000
End-effector transform while moving brick 1 to final location:
-0.972641 -0.015687 -0.231782 -1.332145
-0.032792 0.996999 0.070133 0.210396
0.229986 0.075815 -0.970236 0.769194
0.000000 0.000000 0.000000 1.000000
End-effector transform while moving brick 1 to final location:
-0.967313 -0.022704 -0.252568 -1.332446
-0.043112 0.996209 0.075560 0.209606
0.249894 0.083979 -0.964624 0.774935
0.000000 0.000000 0.000000 1.000000
End-effector transform while moving brick 1 to final location:
-0.960294 -0.031003 -0.277261 -1.332720
-0.055749 0.995087 0.081818 0.208593
0.273362 0.094026 -0.957305 0.781837
0.000000 0.000000 0.000000 1.000000
End-effector transform while moving brick 1 to final location:
-0.951162 -0.040598 -0.306009 -1.332920
-0.070985 0.993514 0.088831 0.207309
0.300418 0.106215 -0.947875 0.789991
0.000000 0.000000 0.000000 1.000000
End-effector transform while moving brick 1 to final location:
-0.939418 -0.051467 -0.338889 -1.332983
-0.089114 0.991338 0.096475 0.205697
0.330988 0.120831 -0.935867 0.799481
0.000000 0.000000 0.000000 1.000000
End-effector transform while moving brick 1 to final location:
-0.924482 -0.063533 -0.375895 -1.332832
-0.110440 0.988367 0.104566 0.203691
0.364878 0.138183 -0.920744 0.810387
0.000000 0.000000 0.000000 1.000000
End-effector transform while moving brick 1 to final location:
-0.905703 -0.076655 -0.416924 -1.332370
-0.135263 0.984362 0.112855 0.201215
0.401753 0.158607 -0.901908 0.822782
0.000000 0.000000 0.000000 1.000000
End-effector transform while moving brick 1 to final location:
-0.882365 -0.090610 -0.461760 -1.331478
-0.163868 0.979031 0.121018 0.198185
0.441112 0.182450 -0.878710 0.836729
0.000000 0.000000 0.000000 1.000000
End-effector transform while moving brick 1 to final location:
-0.853700 -0.105079 -0.510053 -1.330019
-0.196509 0.972025 0.128653 0.194505
0.482266 0.210061 -0.850467 0.852278
0.000000 0.000000 0.000000 1.000000
End-effector transform while moving brick 1 to final location:
-0.818922 -0.119623 -0.561299 -1.327830
-0.233378 0.962931 0.135274 0.190073
0.524310 0.241774 -0.816483 0.869461
0.000000 0.000000 0.000000 1.000000
End-effector transform while moving brick 1 to final location:
-0.777253 -0.133668 -0.614826 -1.324725
-0.274585 0.951271 0.140311 0.184781
0.566111 0.277879 -0.776081 0.888289
0.000000 0.000000 0.000000 1.000000
End-effector transform while moving brick 1 to final location:
-0.727973 -0.146488 -0.669774 -1.320495
-0.320120 0.936506 0.143111 0.178517
0.606283 0.318589 -0.728644 0.908747
0.000000 0.000000 0.000000 1.000000
End-effector transform while moving brick 1 to final location:
-0.670479 -0.157188 -0.725086 -1.314909
-0.369819 0.918041 0.142950 0.171168
0.643189 0.363996 -0.673658 0.930783
0.000000 0.000000 0.000000 1.000000
End-effector transform while moving brick 1 to final location:
-0.604354 -0.164707 -0.779505 -1.307718
-0.423328 0.895243 0.139046 0.162625
0.674944 0.414020 -0.610768 0.954310
0.000000 0.000000 0.000000 1.000000
End-effector transform while moving brick 1 to final location:
-0.529443 -0.167815 -0.831582 -1.298657
-0.480064 0.867459 0.130588 0.152788
0.699448 0.468351 -0.539832 0.979194
0.000000 0.000000 0.000000 1.000000
End-effector transform while moving brick 1 to final location:
-0.445948 -0.165139 -0.879693 -1.287453
-0.539185 0.834054 0.116761 0.141572
0.714430 0.526387 -0.460985 1.005250
0.000000 0.000000 0.000000 1.000000
End-effector transform while moving brick 1 to final location:
-0.354508 -0.155202 -0.922083 -1.273834
-0.599568 0.794449 0.096793 0.128914
0.717525 0.587165 -0.374692 1.032238
0.000000 0.000000 0.000000 1.000000
End-effector transform while moving brick 1 to final location:
-0.256293 -0.136487 -0.956915 -1.257540
-0.659797 0.748176 0.070001 0.114778
0.706386 0.649311 -0.281806 1.059861
0.000000 0.000000 0.000000 1.000000
End-effector transform while moving brick 1 to final location:
-0.153074 -0.107524 -0.982348 -1.238332
-0.718177 0.694937 0.035844 0.099166
0.678816 0.710986 -0.183598 1.087763
0.000000 0.000000 0.000000 1.000000
End-effector transform while moving brick 1 to final location:
-0.047272 -0.067009 -0.996632 -1.216012
-0.772759 0.634671 -0.006019 0.082120
0.632937 0.769871 -0.081784 1.115535
0.000000 0.000000 0.000000 1.000000
End-effector transform while moving brick 1 to final location:
0.058026 -0.013939 -0.998218 -1.190435
-0.821407 0.567619 -0.055674 0.063729
0.567384 0.823173 0.021487 1.142717
0.000000 0.000000 0.000000 1.000000
End-effector transform while moving brick 1 to final location:
0.159105 0.052222 -0.985879 -1.161528
-0.861881 0.494381 -0.112906 0.044135
0.481504 0.867675 0.123668 1.168815
0.000000 0.000000 0.000000 1.000000
End-effector transform while moving brick 1 to final location:
0.251716 0.131382 -0.958842 -1.129301
-0.891958 0.415963 -0.177162 0.023531
0.375567 0.899841 0.221892 1.193311
0.000000 0.000000 0.000000 1.000000
End-effector transform while moving brick 1 to final location:
0.331236 0.222650 -0.916902 -1.093866
-0.909565 0.333796 -0.247530 0.002161
0.250945 0.915973 0.313080 1.215687
0.000000 0.000000 0.000000 1.000000
End-effector transform while moving brick 1 to final location:
0.392905 0.324204 -0.860533 -1.055441
-0.912945 0.249725 -0.322752 -0.019686
0.110259 0.912430 0.394098 1.235446
0.000000 0.000000 0.000000 1.000000
End-effector transform while moving brick 1 to final location:
0.432130 0.433187 -0.790957 -1.014358
-0.900807 0.165964 -0.401251 -0.041683
-0.042546 0.885892 0.461936 1.252141
0.000000 0.000000 0.000000 1.000000
End-effector transform while moving brick 1 to final location:
0.444842 0.545683 -0.710173 -0.971061
-0.872482 0.085003 -0.481196 -0.063479
-0.202214 0.833669 0.513912 1.265400
0.000000 0.000000 0.000000 1.000000
End-effector transform while moving brick 1 to final location:
0.427886 0.656777 -0.620932 -0.926094
-0.828042 0.009473 -0.560586 -0.084714
-0.362299 0.754025 0.547892 1.274958
0.000000 0.000000 0.000000 1.000000
End-effector transform while moving brick 1 to final location:
0.379423 0.760711 -0.526647 -0.880084
-0.768370 -0.058014 -0.637371 -0.105035
-0.515408 0.646493 0.562496 1.280679
0.000000 0.000000 0.000000 1.000000
End-effector transform while moving brick 1 to final location:
0.299279 0.851158 -0.431233 -0.833715
-0.695181 -0.115061 -0.709567 -0.124118
-0.653572 0.512143 0.557273 1.282576
0.000000 0.000000 0.000000 1.000000
End-effector transform while moving brick 1 to final location:
0.189231 0.921600 -0.338889 -0.787693
-0.610952 -0.159682 -0.775396 -0.141681
-0.768719 0.353774 0.532836 1.280827
0.000000 0.000000 0.000000 1.000000
End-effector transform while moving brick 1 to final location:
0.053152 0.965789 -0.253826 -0.742705
-0.518796 -0.190482 -0.833407 -0.157507
-0.853244 0.175981 0.490923 1.275771
0.000000 0.000000 0.000000 1.000000
End-effector transform while moving brick 1 to final location:
-0.102992 0.978268 -0.179955 -0.699378
-0.422251 -0.206806 -0.882573 -0.171447
-0.900609 -0.014912 0.434374 1.267906
0.000000 0.000000 0.000000 1.000000
End-effector transform while moving brick 1 to final location:
-0.271339 0.954901 -0.120578 -0.658236
-0.325021 -0.208826 -0.922363 -0.183437
-0.905945 -0.211083 0.367026 1.257863
0.000000 0.000000 0.000000 1.000000
End-effector transform while moving brick 1 to final location:
-0.442521 0.893352 -0.078090 -0.619661
-0.230683 -0.197552 -0.952764 -0.193491
-0.866580 -0.403604 0.293502 1.246381
0.000000 0.000000 0.000000 1.000000
End-effector transform while moving brick 1 to final location:
-0.606232 0.793470 -0.053734 -0.583860
-0.142393 -0.174769 -0.974259 -0.201697
-0.782437 -0.582976 0.218935 1.234257
0.000000 0.000000 0.000000 1.000000
End-effector transform while moving brick 1 to final location:
-0.751941 0.657522 -0.047436 -0.550849
-0.062627 -0.142881 -0.987757 -0.208209
-0.656249 -0.739764 0.148616 1.222303
0.000000 0.000000 0.000000 1.000000
End-effector transform while moving brick 1 to final location:
-0.869686 0.490216 -0.057747 -0.520444
0.007019 -0.104698 -0.994479 -0.213225
-0.493556 -0.865290 0.087613 1.211292
0.000000 0.000000 0.000000 1.000000
End-effector transform while moving brick 1 to final location:
-0.950880 0.298529 -0.081895 -0.492271
0.065933 -0.063171 -0.995822 -0.216968
-0.302455 -0.952308 0.040385 1.201904
0.000000 0.000000 0.000000 1.000000
End-effector transform while moving brick 1 to final location:
-0.989049 0.091301 -0.115958 -0.465792
0.114496 -0.021115 -0.993199 -0.219663
-0.093129 -0.995599 0.010430 1.194679
0.000000 0.000000 0.000000 1.000000
End-effector transform while moving brick 1 to final location:
-0.980410 -0.121345 -0.155147 -0.440343
0.153973 0.019056 -0.987891 -0.221517
0.122832 -0.992427 0.000002 1.189980
0.000000 0.000000 0.000000 1.000000
End-effector transform while moving brick 1 to final location:
-0.924248 -0.328731 -0.194168 -0.415184
0.186320 0.055540 -0.980918 -0.222697
0.333242 -0.942789 0.009916 1.187966
0.000000 0.000000 0.000000 1.000000
End-effector transform while moving brick 1 to final location:
-0.823017 -0.520406 -0.227642 -0.389555
0.213917 0.087289 -0.972944 -0.223323
0.526196 -0.849446 0.039483 1.188584
0.000000 0.000000 0.000000 1.000000
End-effector transform while moving brick 1 to final location:
-0.682179 -0.686925 -0.250530 -0.362736
0.239265 0.114055 -0.964232 -0.223453
0.690929 -0.717722 0.086551 1.191569
0.000000 0.000000 0.000000 1.000000
End-effector transform while moving brick 1 to final location:
-0.509777 -0.820540 -0.258540 -0.334101
0.264687 0.136352 -0.954646 -0.223088
0.818577 -0.555088 0.147677 1.196469
0.000000 0.000000 0.000000 1.000000
End-effector transform while moving brick 1 to final location:
-0.315791 -0.915722 -0.248454 -0.303165
0.292063 0.155326 -0.943702 -0.222177
0.902760 -0.370576 0.218398 1.202681
0.000000 0.000000 0.000000 1.000000
End-effector transform while moving brick 1 to final location:
-0.111355 -0.969492 -0.218371 -0.269620
0.322634 0.172567 -0.930660 -0.220630
0.939951 -0.174088 0.293575 1.209491
0.000000 0.000000 0.000000 1.000000
End-effector transform while moving brick 1 to final location:
0.092097 -0.981505 -0.167828 -0.233356
0.356900 0.189884 -0.914640 -0.218331
0.929592 0.024338 0.367787 1.216126
0.000000 0.000000 0.000000 1.000000
End-effector transform while moving brick 1 to final location:
0.283668 -0.953923 -0.097794 -0.194463
0.394598 0.209069 -0.894753 -0.215158
0.873971 0.215224 0.435722 1.221814
0.000000 0.000000 0.000000 1.000000
End-effector transform while moving brick 1 to final location:
0.453731 -0.891076 -0.010554 -0.153224
0.434779 0.231694 -0.870222 -0.211000
0.777879 0.390258 0.492547 1.225825
0.000000 0.000000 0.000000 1.000000
End-effector transform while moving brick 1 to final location:
0.594507 -0.798980 0.090509 -0.110085
0.475952 0.258937 -0.840489 -0.205774
0.648098 0.542754 0.534216 1.227521
0.000000 0.000000 0.000000 1.000000
End-effector transform while moving brick 1 to final location:
0.700446 -0.684757 0.201202 -0.065629
0.516278 0.291488 -0.805290 -0.199436
0.492780 0.667939 0.557696 1.226392
0.000000 0.000000 0.000000 1.000000
End-effector transform while moving brick 1 to final location:
0.768391 -0.556033 0.316863 -0.020524
0.553776 0.329500 -0.764697 -0.191988
0.320790 0.763058 0.561103 1.222076
0.000000 0.000000 0.000000 1.000000
End-effector transform while moving brick 1 to final location:
0.797544 -0.420358 0.432692 0.024515
0.586537 0.372619 -0.719117 -0.183482
0.141057 0.827318 0.543736 1.214372
0.000000 0.000000 0.000000 1.000000
End-effector transform while moving brick 1 to final location:
0.789249 -0.284717 0.544079 0.068771
0.612896 0.420056 -0.669262 -0.174019
-0.037993 0.861678 0.506031 1.203242
0.000000 0.000000 0.000000 1.000000
End-effector transform while moving brick 1 to final location:
0.746650 -0.155146 0.646872 0.111566
0.631567 0.470694 -0.616093 -0.163739
-0.208894 0.868549 0.449429 1.188797
0.000000 0.000000 0.000000 1.000000
End-effector transform while moving brick 1 to final location:
0.674256 -0.036480 0.737597 0.152296
0.641726 0.523218 -0.560741 -0.152817
-0.365468 0.851418 0.376193 1.171281
0.000000 0.000000 0.000000 1.000000
End-effector transform while moving brick 1 to final location:
0.577478 0.067768 0.813588 0.190450
0.643039 0.576246 -0.504422 -0.141448
-0.503011 0.814462 0.289192 1.151046
0.000000 0.000000 0.000000 1.000000
End-effector transform while moving brick 1 to final location:
0.462177 0.155406 0.873064 0.225632
0.635641 0.628441 -0.448355 -0.129839
-0.618346 0.762175 0.191669 1.128523
0.000000 0.000000 0.000000 1.000000
End-effector transform while moving brick 1 to final location:
0.334247 0.225469 0.915119 0.257563
0.620086 0.678607 -0.393682 -0.118191
-0.709770 0.699039 0.087013 1.104192
0.000000 0.000000 0.000000 1.000000
End-effector transform while moving brick 1 to final location:
0.199278 0.278050 0.939668 0.286084
0.597255 0.725757 -0.341415 -0.106700
-0.776901 0.629258 -0.021439 1.078556
0.000000 0.000000 0.000000 1.000000
End-effector transform while moving brick 1 to final location:
0.062300 0.314094 0.947346 0.311147
0.568268 0.769145 -0.292382 -0.095536
-0.820482 0.556561 -0.130572 1.052116
0.000000 0.000000 0.000000 1.000000
End-effector transform while moving brick 1 to final location:
-0.072391 0.335168 0.939373 0.332801
0.534383 0.808282 -0.247213 -0.084849
-0.842136 0.484089 -0.237621 1.025349
0.000000 0.000000 0.000000 1.000000
End-effector transform while moving brick 1 to final location:
-0.201323 0.343243 0.917417 0.351181
0.496905 0.842920 -0.206327 -0.074756
-0.844129 0.414331 -0.340258 0.998691
0.000000 0.000000 0.000000 1.000000
End-effector transform while moving brick 1 to final location:
-0.321865 0.340493 0.883441 0.366487
0.457107 0.873025 -0.169941 -0.065349
-0.829130 0.349129 -0.436638 0.972529
0.000000 0.000000 0.000000 1.000000
End-effector transform while moving brick 1 to final location:
-0.432197 0.329133 0.839570 0.378965
0.416170 0.898740 -0.138091 -0.056684
-0.800005 0.289722 -0.525408 0.947189
0.000000 0.000000 0.000000 1.000000
End-effector transform while moving brick 1 to final location:
-0.531229 0.311281 0.787972 0.388895
0.375141 0.920339 -0.110662 -0.048795
-0.759648 0.236813 -0.605685 0.922939
0.000000 0.000000 0.000000 1.000000
End-effector transform while moving brick 1 to final location:
-0.618506 0.288874 0.730755 0.396574
0.334903 0.938189 -0.087415 -0.041690
-0.710838 0.190666 -0.677020 0.899982
0.000000 0.000000 0.000000 1.000000
End-effector transform while moving brick 1 to final location:
-0.694085 0.263604 0.669895 0.402301
0.296173 0.952709 -0.068023 -0.035354
-0.656146 0.151191 -0.739334 0.878469
0.000000 0.000000 0.000000 1.000000
End-effector transform while moving brick 1 to final location:
-0.758431 0.236894 0.607177 0.406368
0.259496 0.964338 -0.052104 -0.029759
-0.597867 0.118043 -0.792856 0.858496
0.000000 0.000000 0.000000 1.000000
End-effector transform while moving brick 1 to final location:
-0.812296 0.209894 0.544168 0.409055
0.225260 0.973508 -0.039245 -0.024862
-0.537989 0.090701 -0.838058 0.840113
0.000000 0.000000 0.000000 1.000000
End-effector transform while moving brick 1 to final location:
-0.856631 0.183492 0.482197 0.410619
0.193712 0.980629 -0.029029 -0.020613
-0.478183 0.068540 -0.875582 0.823334
0.000000 0.000000 0.000000 1.000000
End-effector transform while moving brick 1 to final location:
-0.892493 0.158343 0.422355 0.411292
0.164982 0.986072 -0.021053 -0.016956
-0.419806 0.050892 -0.906186 0.808140
0.000000 0.000000 0.000000 1.000000
End-effector transform while moving brick 1 to final location:
-0.920982 0.134896 0.365506 0.411282
0.139101 0.990166 -0.014937 -0.013833
-0.363927 0.037086 -0.930689 0.794487
0.000000 0.000000 0.000000 1.000000
End-effector transform while moving brick 1 to final location:
-0.943185 0.113432 0.312307 0.410770
0.116023 0.993193 -0.010339 -0.011186
-0.311354 0.026483 -0.949925 0.782314
0.000000 0.000000 0.000000 1.000000
End-effector transform while moving brick 1 to final location:
-0.960135 0.094099 0.263223 0.409909
0.095647 0.995391 -0.006955 -0.008958
-0.262664 0.018498 -0.964710 0.771547
0.000000 0.000000 0.000000 1.000000
End-effector transform while moving brick 1 to final location:
-0.972786 0.076937 0.218558 0.408827
0.077832 0.996956 -0.004525 -0.007096
-0.218241 0.012609 -0.975813 0.762102
0.000000 0.000000 0.000000 1.000000
End-effector transform while moving brick 1 to final location:
-0.981995 0.061914 0.178475 0.407631
0.062412 0.998046 -0.002827 -0.005552
-0.178301 0.008363 -0.983940 0.753891
0.000000 0.000000 0.000000 1.000000
End-effector transform while moving brick 1 to final location:
-0.988509 0.048941 0.143020 0.406405
0.049207 0.998787 -0.001679 -0.004282
-0.142928 0.005378 -0.989718 0.746825
0.000000 0.000000 0.000000 1.000000
End-effector transform while moving brick 1 to final location:
-0.992969 0.037896 0.112140 0.405214
0.038031 0.999276 -0.000934 -0.003245
-0.112095 0.003338 -0.993692 0.740814
0.000000 0.000000 0.000000 1.000000
End-effector transform while moving brick 1 to final location:
-0.995909 0.028637 0.085706 0.404106
0.028702 0.999588 -0.000474 -0.002409
-0.085685 0.001988 -0.996320 0.735770
0.000000 0.000000 0.000000 1.000000
End-effector transform while moving brick 1 to final location:
-0.997759 0.021010 0.063520 0.403115
0.021039 0.999779 -0.000209 -0.001741
-0.063510 0.001128 -0.997981 0.731607
0.000000 0.000000 0.000000 1.000000
End-effector transform while moving brick 1 to final location:
-0.998862 0.014857 0.045330 0.402262
0.014869 0.999889 -0.000071 -0.001218
-0.045326 0.000603 -0.998972 0.728240
0.000000 0.000000 0.000000 1.000000
End-effector transform while moving brick 1 to final location:
-0.999474 0.010021 0.030837 0.401556
0.010025 0.999950 -0.000012 -0.000815
-0.030835 0.000298 -0.999524 0.725587
0.000000 0.000000 0.000000 1.000000
End-effector transform while moving brick 1 to final location:
-0.999786 0.006346 0.019702 0.400998
0.006348 0.999980 0.000005 -0.000515
-0.019702 0.000130 -0.999806 0.723566
0.000000 0.000000 0.000000 1.000000
