Task started: 21-Oct-2024 16:29:53

Processing brick 1 of 1
Calculated joint angles to reach brick 1:
-1.799867 -0.504961 1.570796 1.263047 -4.590490 1.545202 -0.502581 \nEnd-effector transform while moving to brick 1:
-0.000000 -0.000000 -1.000000 -0.223150
1.000000 -0.000000 0.000000 0.000000
-0.000000 -1.000000 0.000000 1.893950
0.000000 0.000000 0.000000 1.000000
End-effector transform while moving to brick 1:
-0.000011 0.000000 -1.000000 -0.223168
1.000000 0.000023 -0.000011 0.000008
0.000023 -1.000000 -0.000000 1.893950
0.000000 0.000000 0.000000 1.000000
End-effector transform while moving to brick 1:
-0.000083 0.000000 -1.000000 -0.223294
1.000000 0.000181 -0.000083 0.000065
0.000181 -1.000000 -0.000000 1.893950
0.000000 0.000000 0.000000 1.000000
End-effector transform while moving to brick 1:
-0.000276 0.000000 -1.000000 -0.223628
1.000000 0.000600 -0.000276 0.000215
0.000600 -1.000000 -0.000000 1.893950
0.000000 0.000000 0.000000 1.000000
End-effector transform while moving to brick 1:
-0.000645 0.000000 -1.000000 -0.224266
0.999999 0.001401 -0.000645 0.000501
0.001401 -0.999999 -0.000001 1.893949
0.000000 0.000000 0.000000 1.000000
End-effector transform while moving to brick 1:
-0.001241 0.000001 -0.999999 -0.225296
0.999996 0.002694 -0.001241 0.000963
0.002694 -0.999996 -0.000004 1.893948
0.000000 0.000000 0.000000 1.000000
End-effector transform while moving to brick 1:
-0.002110 0.000001 -0.999998 -0.226799
0.999987 0.004583 -0.002110 0.001637
0.004583 -0.999989 -0.000011 1.893944
0.000000 0.000000 0.000000 1.000000
End-effector transform while moving to brick 1:
-0.003298 0.000004 -0.999995 -0.228852
0.999969 0.007163 -0.003298 0.002559
0.007163 -0.999974 -0.000027 1.893935
0.000000 0.000000 0.000000 1.000000
End-effector transform while moving to brick 1:
-0.004845 0.000008 -0.999988 -0.231523
0.999933 0.010523 -0.004845 0.003760
0.010523 -0.999945 -0.000059 1.893917
0.000000 0.000000 0.000000 1.000000
End-effector transform while moving to brick 1:
-0.006789 0.000016 -0.999977 -0.234875
0.999868 0.014743 -0.006788 0.005267
0.014742 -0.999891 -0.000116 1.893884
0.000000 0.000000 0.000000 1.000000
End-effector transform while moving to brick 1:
-0.009163 0.000028 -0.999958 -0.238965
0.999760 0.019897 -0.009160 0.007109
0.019896 -0.999802 -0.000211 1.893831
0.000000 0.000000 0.000000 1.000000
End-effector transform while moving to brick 1:
-0.011998 0.000048 -0.999928 -0.243842
0.999589 0.026052 -0.011993 0.009308
0.026049 -0.999661 -0.000361 1.893745
0.000000 0.000000 0.000000 1.000000
End-effector transform while moving to brick 1:
-0.015324 0.000079 -0.999883 -0.249552
0.999329 0.033266 -0.015312 0.011886
0.033261 -0.999447 -0.000589 1.893616
0.000000 0.000000 0.000000 1.000000
End-effector transform while moving to brick 1:
-0.019164 0.000123 -0.999816 -0.256132
0.998951 0.041593 -0.019142 0.014861
0.041583 -0.999135 -0.000920 1.893428
0.000000 0.000000 0.000000 1.000000
End-effector transform while moving to brick 1:
-0.023541 0.000186 -0.999723 -0.263614
0.998418 0.051077 -0.023501 0.018250
0.051058 -0.998695 -0.001388 1.893163
0.000000 0.000000 0.000000 1.000000
End-effector transform while moving to brick 1:
-0.028476 0.000272 -0.999594 -0.272023
0.997687 0.061756 -0.028405 0.022066
0.061723 -0.998091 -0.002030 1.892799
0.000000 0.000000 0.000000 1.000000
End-effector transform while moving to brick 1:
-0.033987 0.000387 -0.999422 -0.281380
0.996708 0.073661 -0.033866 0.026321
0.073605 -0.997283 -0.002889 1.892312
0.000000 0.000000 0.000000 1.000000
End-effector transform while moving to brick 1:
-0.040088 0.000538 -0.999196 -0.291699
0.995426 0.086815 -0.039890 0.031023
0.086723 -0.996224 -0.004015 1.891673
0.000000 0.000000 0.000000 1.000000
End-effector transform while moving to brick 1:
-0.046794 0.000731 -0.998904 -0.302988
0.993776 0.101232 -0.046480 0.036178
0.101087 -0.994863 -0.005463 1.890852
0.000000 0.000000 0.000000 1.000000
End-effector transform while moving to brick 1:
-0.054116 0.000975 -0.998534 -0.315251
0.991692 0.116920 -0.053632 0.041788
0.116697 -0.993141 -0.007294 1.889813
0.000000 0.000000 0.000000 1.000000
End-effector transform while moving to brick 1:
-0.062067 0.001278 -0.998071 -0.328486
0.989098 0.133879 -0.061337 0.047854
0.133542 -0.990997 -0.009573 1.888519
0.000000 0.000000 0.000000 1.000000
End-effector transform while moving to brick 1:
-0.070654 0.001649 -0.997500 -0.342685
0.985913 0.152097 -0.069582 0.054373
0.151602 -0.988364 -0.012372 1.886928
0.000000 0.000000 0.000000 1.000000
End-effector transform while moving to brick 1:
-0.079886 0.002097 -0.996802 -0.357836
0.982054 0.171556 -0.078344 0.061339
0.170843 -0.985172 -0.015764 1.884999
0.000000 0.000000 0.000000 1.000000
End-effector transform while moving to brick 1:
-0.089773 0.002631 -0.995959 -0.373924
0.977433 0.192228 -0.087595 0.068743
0.191221 -0.981347 -0.019829 1.882686
0.000000 0.000000 0.000000 1.000000
End-effector transform while moving to brick 1:
-0.100320 0.003262 -0.994950 -0.390927
0.971959 0.214075 -0.097300 0.076572
0.212677 -0.976812 -0.024646 1.879941
0.000000 0.000000 0.000000 1.000000
End-effector transform while moving to brick 1:
-0.111535 0.003997 -0.993752 -0.408820
0.965541 0.237050 -0.107416 0.084812
0.235140 -0.971489 -0.030298 1.876716
0.000000 0.000000 0.000000 1.000000
End-effector transform while moving to brick 1:
-0.123426 0.004845 -0.992342 -0.427576
0.958087 0.261095 -0.117891 0.093442
0.258525 -0.965301 -0.036868 1.872962
0.000000 0.000000 0.000000 1.000000
End-effector transform while moving to brick 1:
-0.135998 0.005814 -0.990692 -0.447162
0.949509 0.286143 -0.128666 0.102441
0.282732 -0.958169 -0.044435 1.868630
0.000000 0.000000 0.000000 1.000000
End-effector transform while moving to brick 1:
-0.149259 0.006910 -0.988774 -0.467545
0.939721 0.312116 -0.139673 0.111783
0.307647 -0.950019 -0.053080 1.863671
0.000000 0.000000 0.000000 1.000000
End-effector transform while moving to brick 1:
-0.163216 0.008138 -0.986557 -0.488687
0.928642 0.338928 -0.150838 0.121437
0.333144 -0.940777 -0.062875 1.858039
0.000000 0.000000 0.000000 1.000000
End-effector transform while moving to brick 1:
-0.177873 0.009501 -0.984008 -0.510550
0.916200 0.366480 -0.162077 0.131372
0.359079 -0.930377 -0.073891 1.851687
0.000000 0.000000 0.000000 1.000000
End-effector transform while moving to brick 1:
-0.193237 0.010999 -0.981090 -0.533092
0.902333 0.394668 -0.173300 0.141550
0.385299 -0.918758 -0.086190 1.844574
0.000000 0.000000 0.000000 1.000000
End-effector transform while moving to brick 1:
-0.209312 0.012633 -0.977767 -0.556272
0.886987 0.423377 -0.184409 0.151934
0.411635 -0.905865 -0.099823 1.836661
0.000000 0.000000 0.000000 1.000000
End-effector transform while moving to brick 1:
-0.226102 0.014397 -0.973997 -0.580047
0.870123 0.452487 -0.195300 0.162480
0.437909 -0.891655 -0.114835 1.827913
0.000000 0.000000 0.000000 1.000000
End-effector transform while moving to brick 1:
-0.243607 0.016284 -0.969737 -0.604372
0.851716 0.481869 -0.205868 0.173144
0.463934 -0.876092 -0.131256 1.818302
0.000000 0.000000 0.000000 1.000000
End-effector transform while moving to brick 1:
-0.261827 0.018284 -0.964942 -0.629206
0.831760 0.511390 -0.216000 0.183878
0.489512 -0.859154 -0.149104 1.807804
0.000000 0.000000 0.000000 1.000000
End-effector transform while moving to brick 1:
-0.280757 0.020385 -0.959562 -0.654504
0.810262 0.540914 -0.225582 0.194634
0.514443 -0.840831 -0.168383 1.796403
0.000000 0.000000 0.000000 1.000000
End-effector transform while moving to brick 1:
-0.300389 0.022569 -0.953550 -0.680223
0.787250 0.570303 -0.234503 0.205362
0.538520 -0.821124 -0.189080 1.784089
0.000000 0.000000 0.000000 1.000000
End-effector transform while moving to brick 1:
-0.320708 0.024817 -0.946853 -0.706322
0.762773 0.599416 -0.242648 0.216008
0.561537 -0.800053 -0.211167 1.770859
0.000000 0.000000 0.000000 1.000000
End-effector transform while moving to brick 1:
-0.341698 0.027106 -0.939419 -0.732759
0.736895 0.628117 -0.249909 0.226521
0.583291 -0.777647 -0.234601 1.756719
0.000000 0.000000 0.000000 1.000000
End-effector transform while moving to brick 1:
-0.363332 0.029413 -0.931195 -0.759495
0.709704 0.656270 -0.256183 0.236849
0.603580 -0.753953 -0.259318 1.741684
0.000000 0.000000 0.000000 1.000000
End-effector transform while moving to brick 1:
-0.385581 0.031708 -0.922129 -0.786491
0.681306 0.683745 -0.261371 0.246939
0.622214 -0.729031 -0.285242 1.725776
0.000000 0.000000 0.000000 1.000000
End-effector transform while moving to brick 1:
-0.408403 0.033963 -0.912170 -0.813712
0.651822 0.710421 -0.265387 0.256742
0.639011 -0.702957 -0.312276 1.709027
0.000000 0.000000 0.000000 1.000000
End-effector transform while moving to brick 1:
-0.431753 0.036148 -0.901267 -0.841121
0.621395 0.736181 -0.268153 0.266207
0.653802 -0.675819 -0.340311 1.691474
0.000000 0.000000 0.000000 1.000000
End-effector transform while moving to brick 1:
-0.455576 0.038232 -0.889375 -0.868685
0.590179 0.760922 -0.269605 0.275289
0.666437 -0.647717 -0.369222 1.673166
0.000000 0.000000 0.000000 1.000000
End-effector transform while moving to brick 1:
-0.479809 0.040184 -0.876452 -0.896373
0.558344 0.784550 -0.269692 0.283944
0.676784 -0.618762 -0.398870 1.654157
0.000000 0.000000 0.000000 1.000000
End-effector transform while moving to brick 1:
-0.504379 0.041973 -0.862462 -0.924153
0.526067 0.806986 -0.268377 0.292132
0.684730 -0.589077 -0.429108 1.634510
0.000000 0.000000 0.000000 1.000000
End-effector transform while moving to brick 1:
-0.529208 0.043572 -0.847373 -0.951997
0.493537 0.828164 -0.265643 0.299815
0.690189 -0.558790 -0.459775 1.614293
0.000000 0.000000 0.000000 1.000000
End-effector transform while moving to brick 1:
-0.554210 0.044954 -0.831162 -0.979877
0.460944 0.848030 -0.261486 0.306962
0.693096 -0.528038 -0.490708 1.593580
0.000000 0.000000 0.000000 1.000000
End-effector transform while moving to brick 1:
-0.579291 0.046096 -0.813817 -1.007764
0.428484 0.866549 -0.255921 0.313546
0.693415 -0.496960 -0.521735 1.572450
0.000000 0.000000 0.000000 1.000000
End-effector transform while moving to brick 1:
-0.604353 0.046977 -0.795331 -1.035633
0.396347 0.883696 -0.248978 0.319545
0.691135 -0.465698 -0.552683 1.550986
0.000000 0.000000 0.000000 1.000000
End-effector transform while moving to brick 1:
-0.629293 0.047583 -0.775710 -1.063458
0.364723 0.899465 -0.240706 0.324940
0.686271 -0.434394 -0.583382 1.529274
0.000000 0.000000 0.000000 1.000000
End-effector transform while moving to brick 1:
-0.654006 0.047902 -0.754971 -1.091211
0.333791 0.913862 -0.231169 0.329722
0.678866 -0.403189 -0.613661 1.507401
0.000000 0.000000 0.000000 1.000000
End-effector transform while moving to brick 1:
-0.678386 0.047928 -0.733141 -1.118868
0.303723 0.926907 -0.220444 0.333884
0.668988 -0.372218 -0.643357 1.485455
0.000000 0.000000 0.000000 1.000000
End-effector transform while moving to brick 1:
-0.702325 0.047659 -0.710260 -1.146401
0.274675 0.938632 -0.208624 0.337425
0.656730 -0.341612 -0.672315 1.463524
0.000000 0.000000 0.000000 1.000000
End-effector transform while moving to brick 1:
-0.725718 0.047099 -0.686378 -1.173783
0.246791 0.949080 -0.195810 0.340351
0.642205 -0.311495 -0.700388 1.441694
0.000000 0.000000 0.000000 1.000000
End-effector transform while moving to brick 1:
-0.748465 0.046257 -0.661559 -1.200987
0.220197 0.958304 -0.182117 0.342671
0.625550 -0.281981 -0.727443 1.420050
0.000000 0.000000 0.000000 1.000000
End-effector transform while moving to brick 1:
-0.770471 0.045146 -0.635875 -1.227982
0.194998 0.966367 -0.167663 0.344401
0.606919 -0.253174 -0.753361 1.398672
0.000000 0.000000 0.000000 1.000000
End-effector transform while moving to brick 1:
-0.791645 0.043783 -0.609410 -1.254738
0.171285 0.973336 -0.152575 0.345561
0.586480 -0.225168 -0.778036 1.377637
0.000000 0.000000 0.000000 1.000000
End-effector transform while moving to brick 1:
-0.811908 0.042190 -0.582258 -1.281225
0.149124 0.979284 -0.136982 0.346174
0.564417 -0.198045 -0.801381 1.357016
0.000000 0.000000 0.000000 1.000000
End-effector transform while moving to brick 1:
-0.831189 0.040391 -0.554521 -1.307408
0.128563 0.984290 -0.121013 0.346269
0.540922 -0.171876 -0.823324 1.336876
0.000000 0.000000 0.000000 1.000000
End-effector transform while moving to brick 1:
-0.849427 0.038412 -0.526307 -1.333255
0.109631 0.988432 -0.104797 0.345877
0.516193 -0.146717 -0.843812 1.317276
0.000000 0.000000 0.000000 1.000000
End-effector transform while moving to brick 1:
-0.866572 0.036283 -0.497731 -1.358728
0.092335 0.991791 -0.088460 0.345031
0.490435 -0.122615 -0.862809 1.298271
0.000000 0.000000 0.000000 1.000000
End-effector transform while moving to brick 1:
-0.882589 0.034034 -0.468912 -1.383793
0.076666 0.994445 -0.072123 0.343769
0.463853 -0.099604 -0.880295 1.279907
0.000000 0.000000 0.000000 1.000000
End-effector transform while moving to brick 1:
-0.897452 0.031695 -0.439973 -1.408411
0.062597 0.996472 -0.055899 0.342129
0.436649 -0.077708 -0.896270 1.262224
0.000000 0.000000 0.000000 1.000000
End-effector transform while moving to brick 1:
-0.911148 0.029296 -0.411036 -1.432545
0.050085 0.997948 -0.039896 0.340151
0.409024 -0.056938 -0.910746 1.245255
0.000000 0.000000 0.000000 1.000000
End-effector transform while moving to brick 1:
-0.923678 0.026866 -0.382226 -1.456155
0.039074 0.998943 -0.024210 0.337874
0.381172 -0.037297 -0.923752 1.229027
0.000000 0.000000 0.000000 1.000000
End-effector transform while moving to brick 1:
-0.935054 0.024434 -0.353663 -1.479202
0.029495 0.999525 -0.008929 0.335341
0.353277 -0.018780 -0.935330 1.213560
0.000000 0.000000 0.000000 1.000000
End-effector transform while moving to brick 1:
-0.945297 0.022024 -0.325467 -1.501648
0.021271 0.999757 0.005871 0.332590
0.325518 -0.001373 -0.945535 1.198866
0.000000 0.000000 0.000000 1.000000
End-effector transform while moving to brick 1:
-0.954441 0.019660 -0.297753 -1.523453
0.014314 0.999695 0.020124 0.329663
0.298058 0.014945 -0.954431 1.184953
0.000000 0.000000 0.000000 1.000000
End-effector transform while moving to brick 1:
-0.962527 0.017364 -0.270628 -1.544581
0.008533 0.999393 0.033774 0.326599
0.271050 0.030200 -0.962091 1.171823
0.000000 0.000000 0.000000 1.000000
End-effector transform while moving to brick 1:
-0.969607 0.015152 -0.244196 -1.564995
0.003829 0.998898 0.046778 0.323435
0.244636 0.044421 -0.968597 1.159472
0.000000 0.000000 0.000000 1.000000
End-effector transform while moving to brick 1:
-0.975738 0.013040 -0.218553 -1.584659
0.000103 0.998252 0.059102 0.320207
0.218942 0.057645 -0.974034 1.147892
0.000000 0.000000 0.000000 1.000000
End-effector transform while moving to brick 1:
-0.980982 0.011040 -0.193786 -1.603541
-0.002744 0.997492 0.070721 0.316949
0.194081 0.069908 -0.978491 1.137071
0.000000 0.000000 0.000000 1.000000
End-effector transform while moving to brick 1:
-0.985406 0.009161 -0.169973 -1.621609
-0.004814 0.996652 0.081623 0.313694
0.170152 0.081250 -0.982063 1.126993
0.000000 0.000000 0.000000 1.000000
End-effector transform while moving to brick 1:
-0.989081 0.007408 -0.147185 -1.638836
-0.006202 0.995758 0.091799 0.310471
0.147241 0.091710 -0.984840 1.117639
0.000000 0.000000 0.000000 1.000000
End-effector transform while moving to brick 1:
-0.992079 0.005786 -0.125483 -1.655195
-0.007005 0.994836 0.101253 0.307307
0.125421 0.101330 -0.986915 1.108988
0.000000 0.000000 0.000000 1.000000
End-effector transform while moving to brick 1:
-0.994472 0.004294 -0.104918 -1.670666
-0.007312 0.993906 0.109992 0.304227
0.104751 0.110151 -0.988380 1.101015
0.000000 0.000000 0.000000 1.000000
End-effector transform while moving to brick 1:
-0.996331 0.002933 -0.085531 -1.685229
-0.007209 0.992984 0.118030 0.301254
0.085277 0.118213 -0.989320 1.093697
0.000000 0.000000 0.000000 1.000000
End-effector transform while moving to brick 1:
-0.997728 0.001700 -0.067357 -1.698871
-0.006775 0.992085 0.125386 0.298407
0.067037 0.125557 -0.989819 1.087006
0.000000 0.000000 0.000000 1.000000
End-effector transform while moving to brick 1:
-0.998728 0.000589 -0.050417 -1.711581
-0.006083 0.991220 0.132083 0.295702
0.050052 0.132222 -0.989956 1.080915
0.000000 0.000000 0.000000 1.000000
End-effector transform while moving to brick 1:
-0.999397 -0.000403 -0.034726 -1.723354
-0.005200 0.990398 0.138147 0.293153
0.034337 0.138244 -0.989803 1.075397
0.000000 0.000000 0.000000 1.000000
End-effector transform while moving to brick 1:
-0.999793 -0.001285 -0.020291 -1.734188
-0.004186 0.989626 0.143605 0.290773
0.019896 0.143660 -0.989427 1.070424
0.000000 0.000000 0.000000 1.000000
End-effector transform while moving to brick 1:
-0.999973 -0.002062 -0.007107 -1.744088
-0.003095 0.988909 0.148488 0.288570
0.006722 0.148506 -0.988889 1.065968
0.000000 0.000000 0.000000 1.000000
End-effector transform while moving to brick 1:
-0.999985 -0.002742 0.004836 -1.753063
-0.001971 0.988251 0.152826 0.286550
-0.005199 0.152814 -0.988241 1.062001
0.000000 0.000000 0.000000 1.000000
End-effector transform while moving to brick 1:
-0.999873 -0.003333 0.015559 -1.761128
-0.000855 0.987654 0.156651 0.284718
-0.015889 0.156618 -0.987531 1.058495
0.000000 0.000000 0.000000 1.000000
End-effector transform while moving to brick 1:
-0.999678 -0.003842 0.025090 -1.768301
0.000222 0.987118 0.159995 0.283075
-0.025381 0.159949 -0.986799 1.055423
0.000000 0.000000 0.000000 1.000000
End-effector transform while moving to brick 1:
-0.999431 -0.004276 0.033463 -1.774608
0.001233 0.986644 0.162888 0.281620
-0.033712 0.162837 -0.986077 1.052758
0.000000 0.000000 0.000000 1.000000
End-effector transform while moving to brick 1:
-0.999160 -0.004642 0.040721 -1.780080
0.002158 0.986230 0.165363 0.280350
-0.040928 0.165312 -0.985392 1.050474
0.000000 0.000000 0.000000 1.000000
End-effector transform while moving to brick 1:
-0.998887 -0.004947 0.046917 -1.784755
0.002983 0.985876 0.167451 0.279259
-0.047083 0.167404 -0.984763 1.048543
0.000000 0.000000 0.000000 1.000000
End-effector transform while moving to brick 1:
-0.998628 -0.005197 0.052108 -1.788674
0.003699 0.985578 0.169182 0.278341
-0.052235 0.169143 -0.984206 1.046938
0.000000 0.000000 0.000000 1.000000
End-effector transform while moving to brick 1:
-0.998396 -0.005398 0.056359 -1.791885
0.004302 0.985333 0.170588 0.277586
-0.056453 0.170557 -0.983729 1.045633
0.000000 0.000000 0.000000 1.000000
End-effector transform while moving to brick 1:
-0.998198 -0.005556 0.059745 -1.794444
0.004793 0.985138 0.171700 0.276983
-0.059811 0.171677 -0.983336 1.044599
0.000000 0.000000 0.000000 1.000000
End-effector transform while moving to brick 1:
-0.998039 -0.005676 0.062345 -1.796411
0.005177 0.984987 0.172549 0.276519
-0.062389 0.172533 -0.983026 1.043809
0.000000 0.000000 0.000000 1.000000
End-effector transform while moving to brick 1:
-0.997917 -0.005762 0.064249 -1.797851
0.005462 0.984877 0.173168 0.276178
-0.064276 0.173158 -0.982794 1.043232
0.000000 0.000000 0.000000 1.000000
End-effector transform while moving to brick 1:
-0.997832 -0.005821 0.065553 -1.798837
0.005659 0.984802 0.173591 0.275945
-0.065567 0.173585 -0.982634 1.042837
0.000000 0.000000 0.000000 1.000000
End-effector transform while moving to brick 1:
-0.997779 -0.005858 0.066361 -1.799448
0.005781 0.984755 0.173852 0.275800
-0.066367 0.173849 -0.982533 1.042594
0.000000 0.000000 0.000000 1.000000
End-effector transform while moving to brick 1:
-0.997750 -0.005877 0.066784 -1.799768
0.005846 0.984730 0.173989 0.275724
-0.066787 0.173988 -0.982480 1.042466
0.000000 0.000000 0.000000 1.000000
End-effector transform while moving to brick 1:
-0.997739 -0.005884 0.066943 -1.799889
0.005870 0.984721 0.174040 0.275696
-0.066944 0.174040 -0.982461 1.042418
0.000000 0.000000 0.000000 1.000000
End-effector transform while moving to brick 1:
-0.997738 -0.005885 0.066966 -1.799906
0.005873 0.984720 0.174048 0.275691
-0.066967 0.174047 -0.982458 1.042411
0.000000 0.000000 0.000000 1.000000
Gripping the brick with fingers.\nFinal joint angles for placing brick 1:
0.000000 1.939890 -1.570796 -1.468019 -4.925102 1.565350 -4.342976 \nEnd-effector transform while moving brick 1 to final location:
-0.997738 -0.005885 0.066966 -1.799906
0.005873 0.984720 0.174048 0.275691
-0.066967 0.174047 -0.982458 1.042411
0.000000 0.000000 0.000000 1.000000
End-effector transform while moving brick 1 to final location:
-0.997736 -0.005954 0.066992 -1.799886
0.005814 0.984710 0.174103 0.275708
-0.067004 0.174099 -0.982446 1.042419
0.000000 0.000000 0.000000 1.000000
End-effector transform while moving brick 1 to final location:
-0.997721 -0.006426 0.067169 -1.799745
0.005405 0.984645 0.174487 0.275821
-0.067259 0.174452 -0.982366 1.042469
0.000000 0.000000 0.000000 1.000000
End-effector transform while moving brick 1 to final location:
-0.997680 -0.007682 0.067641 -1.799369
0.004318 0.984469 0.175507 0.276122
-0.067939 0.175392 -0.982152 1.042605
0.000000 0.000000 0.000000 1.000000
End-effector transform while moving brick 1 to final location:
-0.997598 -0.010081 0.068537 -1.798653
0.002247 0.984126 0.177455 0.276697
-0.069238 0.177183 -0.981739 1.042866
0.000000 0.000000 0.000000 1.000000
End-effector transform while moving brick 1 to final location:
-0.997451 -0.013956 0.069977 -1.797499
-0.001091 0.983556 0.180602 0.277625
-0.071347 0.180065 -0.981064 1.043289
0.000000 0.000000 0.000000 1.000000
End-effector transform while moving brick 1 to final location:
-0.997207 -0.019620 0.072062 -1.795819
-0.005951 0.982682 0.185202 0.278981
-0.074448 0.184256 -0.980055 1.043913
0.000000 0.000000 0.000000 1.000000
End-effector transform while moving brick 1 to final location:
-0.996817 -0.027369 0.074876 -1.793535
-0.012562 0.981414 0.191493 0.280834
-0.078726 0.189943 -0.978634 1.044779
0.000000 0.000000 0.000000 1.000000
End-effector transform while moving brick 1 to final location:
-0.996211 -0.037473 0.078482 -1.790577
-0.021117 0.979630 0.199698 0.283248
-0.084367 0.197284 -0.976709 1.045928
0.000000 0.000000 0.000000 1.000000
End-effector transform while moving brick 1 to final location:
-0.995292 -0.050189 0.082916 -1.786891
-0.031779 0.977180 0.210022 0.286283
-0.091564 0.206399 -0.974174 1.047407
0.000000 0.000000 0.000000 1.000000
End-effector transform while moving brick 1 to final location:
-0.993932 -0.065747 0.088186 -1.782431
-0.044665 0.973873 0.222657 0.289991
-0.100521 0.217367 -0.970900 1.049264
0.000000 0.000000 0.000000 1.000000
End-effector transform while moving brick 1 to final location:
-0.991966 -0.084359 0.094271 -1.777167
-0.059850 0.969474 0.237776 0.294419
-0.111452 0.230223 -0.966735 1.051559
0.000000 0.000000 0.000000 1.000000
End-effector transform while moving brick 1 to final location:
-0.989190 -0.106209 0.101110 -1.771082
-0.077352 0.963701 0.255534 0.299611
-0.124580 0.244950 -0.961498 1.054353
0.000000 0.000000 0.000000 1.000000
End-effector transform while moving brick 1 to final location:
-0.985356 -0.131448 0.108609 -1.764176
-0.097132 0.956218 0.276065 0.305598
-0.140142 0.261473 -0.954983 1.057718
0.000000 0.000000 0.000000 1.000000
End-effector transform while moving brick 1 to final location:
-0.980172 -0.160189 0.116628 -1.756461
-0.119075 0.946643 0.299479 0.312406
-0.158379 0.279653 -0.946948 1.061735
0.000000 0.000000 0.000000 1.000000
End-effector transform while moving brick 1 to final location:
-0.973304 -0.192500 0.124989 -1.747968
-0.142989 0.934545 0.325852 0.320050
-0.179534 0.299282 -0.937122 1.066491
0.000000 0.000000 0.000000 1.000000
End-effector transform while moving brick 1 to final location:
-0.964379 -0.228387 0.133466 -1.738743
-0.168585 0.919453 0.355226 0.328532
-0.203845 0.320072 -0.925203 1.072085
0.000000 0.000000 0.000000 1.000000
End-effector transform while moving brick 1 to final location:
-0.952987 -0.267788 0.141791 -1.728850
-0.195474 0.900866 0.387595 0.337842
-0.231528 0.341657 -0.910860 1.078622
0.000000 0.000000 0.000000 1.000000
End-effector transform while moving brick 1 to final location:
-0.938699 -0.310561 0.149651 -1.718366
-0.223149 0.878271 0.422900 0.347948
-0.262770 0.363582 -0.893734 1.086215
0.000000 0.000000 0.000000 1.000000
End-effector transform while moving brick 1 to final location:
-0.921074 -0.356468 0.156694 -1.707384
-0.250981 0.851159 0.461018 0.358801
-0.297709 0.385305 -0.873447 1.094987
0.000000 0.000000 0.000000 1.000000
End-effector transform while moving brick 1 to final location:
-0.899681 -0.405164 0.162533 -1.696011
-0.278209 0.819052 0.501750 0.370327
-0.336414 0.406196 -0.849606 1.105061
0.000000 0.000000 0.000000 1.000000
End-effector transform while moving brick 1 to final location:
-0.874118 -0.456192 0.166754 -1.684364
-0.303943 0.781537 0.544811 0.382426
-0.378863 0.425545 -0.821812 1.116568
0.000000 0.000000 0.000000 1.000000
End-effector transform while moving brick 1 to final location:
-0.844042 -0.508977 0.168925 -1.672567
-0.327162 0.738293 0.589820 0.394967
-0.424921 0.442567 -0.789669 1.129636
0.000000 0.000000 0.000000 1.000000
End-effector transform while moving brick 1 to final location:
-0.809198 -0.562823 0.168610 -1.660747
-0.346734 0.689137 0.636291 0.407783
-0.474315 0.456422 -0.752798 1.144392
0.000000 0.000000 0.000000 1.000000
End-effector transform while moving brick 1 to final location:
-0.769447 -0.616926 0.165388 -1.649032
-0.361432 0.634056 0.683623 0.420675
-0.526610 0.466235 -0.710849 1.160956
0.000000 0.000000 0.000000 1.000000
End-effector transform while moving brick 1 to final location:
-0.724802 -0.670390 0.158868 -1.637537
-0.369968 0.573251 0.731100 0.433405
-0.581193 0.471127 -0.663516 1.179437
0.000000 0.000000 0.000000 1.000000
End-effector transform while moving brick 1 to final location:
-0.675457 -0.722248 0.148715 -1.626367
-0.371039 0.507172 0.777886 0.445694
-0.637250 0.470249 -0.610555 1.199928
0.000000 0.000000 0.000000 1.000000
End-effector transform while moving brick 1 to final location:
-0.621807 -0.771505 0.134671 -1.615603
-0.363385 0.436541 0.823033 0.457229
-0.693764 0.462830 -0.551797 1.222504
0.000000 0.000000 0.000000 1.000000
End-effector transform while moving brick 1 to final location:
-0.564468 -0.817180 0.116585 -1.605294
-0.345851 0.362373 0.865490 0.467658
-0.749509 0.448221 -0.487171 1.247211
0.000000 0.000000 0.000000 1.000000
End-effector transform while moving brick 1 to final location:
-0.504280 -0.858361 0.094432 -1.595451
-0.317467 0.285976 0.904120 0.476603
-0.803067 0.425951 -0.416713 1.274066
0.000000 0.000000 0.000000 1.000000
End-effector transform while moving brick 1 to final location:
-0.442293 -0.894263 0.068345 -1.586037
-0.277529 0.208930 0.937724 0.483656
-0.852851 0.395781 -0.340592 1.303049
0.000000 0.000000 0.000000 1.000000
End-effector transform while moving brick 1 to final location:
-0.379739 -0.924287 0.038631 -1.576959
-0.225673 0.133052 0.965074 0.488398
-0.897145 0.357758 -0.259112 1.334099
0.000000 0.000000 0.000000 1.000000
End-effector transform while moving brick 1 to final location:
-0.317982 -0.948079 0.005786 -1.568063
-0.161958 0.060331 0.984952 0.490405
-0.934161 0.312260 -0.172734 1.367110
0.000000 0.000000 0.000000 1.000000
End-effector transform while moving brick 1 to final location:
-0.258452 -0.965574 -0.029490 -1.559129
-0.086917 -0.007160 0.996190 0.489261
-0.962106 0.260031 -0.082074 1.401923
0.000000 0.000000 0.000000 1.000000
End-effector transform while moving brick 1 to final location:
-0.202560 -0.977023 -0.066295 -1.549867
-0.001597 -0.067369 0.997727 0.484578
-0.979268 0.202206 0.012086 1.438333
0.000000 0.000000 0.000000 1.000000
End-effector transform while moving brick 1 to final location:
-0.151601 -0.983004 -0.103537 -1.539920
0.092429 -0.118387 0.988656 0.476008
-0.984111 0.140311 0.108806 1.476077
0.000000 0.000000 0.000000 1.000000
End-effector transform while moving brick 1 to final location:
-0.106651 -0.984398 -0.139949 -1.528867
0.193094 -0.158578 0.968281 0.463263
-0.975367 0.076245 0.206994 1.514842
0.000000 0.000000 0.000000 1.000000
End-effector transform while moving brick 1 to final location:
-0.068473 -0.982340 -0.174127 -1.516230
0.297896 -0.186706 0.936162 0.446131
-0.952139 0.012230 0.305419 1.554264
0.000000 0.000000 0.000000 1.000000
End-effector transform while moving brick 1 to final location:
-0.037430 -0.978136 -0.204570 -1.501488
0.404003 -0.202050 0.892164 0.424496
-0.913991 -0.049253 0.402733 1.593931
0.000000 0.000000 0.000000 1.000000
End-effector transform while moving brick 1 to final location:
-0.013423 -0.973160 -0.229737 -1.484094
0.508396 -0.204486 0.836492 0.398347
-0.861019 -0.105568 0.497496 1.633392
0.000000 0.000000 0.000000 1.000000
End-effector transform while moving brick 1 to final location:
0.004133 -0.968723 -0.248109 -1.463487
0.608028 -0.194544 0.769711 0.367796
-0.793905 -0.154039 0.588207 1.672162
0.000000 0.000000 0.000000 1.000000
End-effector transform while moving brick 1 to final location:
0.016300 -0.965937 -0.258262 -1.439123
0.700015 -0.173408 0.692754 0.333078
-0.713942 -0.192079 0.673345 1.709731
0.000000 0.000000 0.000000 1.000000
End-effector transform while moving brick 1 to final location:
0.024554 -0.965583 -0.258934 -1.410492
0.781818 -0.142871 0.606917 0.294558
-0.623023 -0.217342 0.751402 1.745579
0.000000 0.000000 0.000000 1.000000
End-effector transform while moving brick 1 to final location:
0.030687 -0.967992 -0.249099 -1.377147
0.851415 -0.105235 0.513827 0.252729
-0.523594 -0.227855 0.820933 1.779182
0.000000 0.000000 0.000000 1.000000
End-effector transform while moving brick 1 to final location:
0.036663 -0.972963 -0.228031 -1.338724
0.907443 -0.063163 0.415400 0.208198
-0.418572 -0.222155 0.880593 1.810030
0.000000 0.000000 0.000000 1.000000
End-effector transform while moving brick 1 to final location:
0.044451 -0.979725 -0.195355 -1.294970
0.949296 -0.019496 0.313777 0.161674
-0.311224 -0.199398 0.929182 1.837637
0.000000 0.000000 0.000000 1.000000
End-effector transform while moving brick 1 to final location:
0.055844 -0.986941 -0.151090 -1.245754
0.977162 0.022951 0.211250 0.113948
-0.205024 -0.159436 0.965684 1.861558
0.000000 0.000000 0.000000 1.000000
End-effector transform while moving brick 1 to final location:
0.072279 -0.992786 -0.095666 -1.191088
0.992001 0.061605 0.110175 0.065868
-0.103486 -0.102864 0.989297 1.881398
0.000000 0.000000 0.000000 1.000000
End-effector transform while moving brick 1 to final location:
0.094676 -0.995058 -0.029933 -1.131130
0.995458 0.094327 0.012877 0.018308
-0.009990 -0.031016 0.999469 1.896824
0.000000 0.000000 0.000000 1.000000
End-effector transform while moving brick 1 to final location:
0.123329 -0.991351 0.044866 -1.066193
0.989722 0.119576 -0.078438 -0.027858
0.072395 0.054078 0.995909 1.907577
0.000000 0.000000 0.000000 1.000000
End-effector transform while moving brick 1 to final location:
0.157832 -0.979248 0.127128 -0.996731
0.977339 0.136522 -0.161775 -0.071792
0.141062 0.149781 0.978605 1.913477
0.000000 0.000000 0.000000 1.000000
End-effector transform while moving brick 1 to final location:
0.197078 -0.956533 0.214955 -0.923337
0.961001 0.145092 -0.235428 -0.112718
0.194006 0.252969 0.947823 1.914429
0.000000 0.000000 0.000000 1.000000
End-effector transform while moving brick 1 to final location:
0.239319 -0.921388 0.306220 -0.846718
0.943327 0.145964 -0.298042 -0.149953
0.229915 0.360192 0.904102 1.910427
0.000000 0.000000 0.000000 1.000000
End-effector transform while moving brick 1 to final location:
0.282283 -0.872575 0.398659 -0.767675
0.926659 0.140482 -0.348665 -0.182926
0.248232 0.467843 0.848235 1.901552
0.000000 0.000000 0.000000 1.000000
End-effector transform while moving brick 1 to final location:
0.323337 -0.809563 0.489960 -0.687079
0.912892 0.130528 -0.386770 -0.211198
0.249161 0.572338 0.781248 1.887971
0.000000 0.000000 0.000000 1.000000
End-effector transform while moving brick 1 to final location:
0.359690 -0.732602 0.577855 -0.605836
0.903348 0.118345 -0.412258 -0.234473
0.233634 0.670289 0.704363 1.869929
0.000000 0.000000 0.000000 1.000000
End-effector transform while moving brick 1 to final location:
0.388599 -0.642738 0.660211 -0.524858
0.898713 0.106348 -0.425448 -0.252603
0.203240 0.758669 0.618963 1.847743
0.000000 0.000000 0.000000 1.000000
End-effector transform while moving brick 1 to final location:
0.407577 -0.541756 0.735106 -0.445035
0.899025 0.096914 -0.427038 -0.265584
0.160108 0.834930 0.526552 1.821793
0.000000 0.000000 0.000000 1.000000
End-effector transform while moving brick 1 to final location:
0.414570 -0.432075 0.800901 -0.367207
0.903731 0.092208 -0.418053 -0.273553
0.106781 0.897111 0.428707 1.792510
0.000000 0.000000 0.000000 1.000000
End-effector transform while moving brick 1 to final location:
0.408102 -0.316594 0.856283 -0.292134
0.911774 0.094021 -0.399786 -0.276768
0.046061 0.943890 0.327032 1.760360
0.000000 0.000000 0.000000 1.000000
End-effector transform while moving brick 1 to final location:
0.387360 -0.198504 0.900305 -0.220483
0.921730 0.103662 -0.373722 -0.275596
-0.019142 0.974603 0.223122 1.725839
0.000000 0.000000 0.000000 1.000000
End-effector transform while moving brick 1 to final location:
0.352231 -0.081098 0.932393 -0.152811
0.931957 0.121892 -0.341464 -0.270487
-0.085960 0.989225 0.118514 1.689452
0.000000 0.000000 0.000000 1.000000
End-effector transform while moving brick 1 to final location:
0.303286 0.032428 0.952348 -0.089554
0.940748 0.148910 -0.304662 -0.261955
-0.151693 0.988319 0.014656 1.651706
0.000000 0.000000 0.000000 1.000000
End-effector transform while moving brick 1 to final location:
0.241713 0.139140 0.960320 -0.031023
0.946472 0.184380 -0.264942 -0.250552
-0.213928 0.972956 -0.087125 1.613096
0.000000 0.000000 0.000000 1.000000
End-effector transform while moving brick 1 to final location:
0.169211 0.236513 0.956781 0.022590
0.947700 0.227504 -0.223843 -0.236848
-0.270614 0.944618 -0.185647 1.574094
0.000000 0.000000 0.000000 1.000000
End-effector transform while moving brick 1 to final location:
0.087864 0.322531 0.942472 0.071211
0.943294 0.277112 -0.182773 -0.221405
-0.320120 0.905087 -0.279893 1.535142
0.000000 0.000000 0.000000 1.000000
End-effector transform while moving brick 1 to final location:
-0.000005 0.395744 0.918361 0.114870
0.932464 0.331772 -0.142964 -0.204765
-0.361263 0.856338 -0.369019 1.496645
0.000000 0.000000 0.000000 1.000000
End-effector transform while moving brick 1 to final location:
-0.091974 0.455291 0.885580 0.153692
0.914797 0.389907 -0.105449 -0.187431
-0.393304 0.800427 -0.452359 1.458963
0.000000 0.000000 0.000000 1.000000
End-effector transform while moving brick 1 to final location:
-0.185657 0.500874 0.845374 0.187879
0.890246 0.449904 -0.071051 -0.169858
-0.415924 0.739399 -0.529429 1.422410
0.000000 0.000000 0.000000 1.000000
End-effector transform while moving brick 1 to final location:
-0.278819 0.532715 0.799046 0.217696
0.859102 0.510209 -0.040376 -0.152440
-0.429189 0.675205 -0.599913 1.387250
0.000000 0.000000 0.000000 1.000000
End-effector transform while moving brick 1 to final location:
-0.369464 0.551477 0.747910 0.243453
0.821940 0.569406 -0.013821 -0.135510
-0.433486 0.609631 -0.663657 1.353698
0.000000 0.000000 0.000000 1.000000
End-effector transform while moving brick 1 to final location:
-0.455900 0.558180 0.693247 0.265493
0.779558 0.626273 0.008406 -0.119339
-0.429470 0.544258 -0.720652 1.321921
0.000000 0.000000 0.000000 1.000000
End-effector transform while moving brick 1 to final location:
-0.536776 0.554105 0.636270 0.284174
0.732908 0.679820 0.026272 -0.104132
-0.417992 0.480430 -0.771019 1.292039
0.000000 0.000000 0.000000 1.000000
End-effector transform while moving brick 1 to final location:
-0.611095 0.540706 0.578100 0.299861
0.683031 0.729300 0.039888 -0.090037
-0.400041 0.419235 -0.814990 1.264131
0.000000 0.000000 0.000000 1.000000
End-effector transform while moving brick 1 to final location:
-0.678204 0.519524 0.519743 0.312910
0.630991 0.774210 0.049487 -0.077148
-0.376681 0.361516 -0.852888 1.238235
0.000000 0.000000 0.000000 1.000000
End-effector transform while moving brick 1 to final location:
-0.737773 0.492110 0.462081 0.323665
0.577831 0.814274 0.055392 -0.065510
-0.349002 0.307871 -0.885106 1.214357
0.000000 0.000000 0.000000 1.000000
End-effector transform while moving brick 1 to final location:
-0.789750 0.459966 0.405864 0.332447
0.524522 0.849419 0.057994 -0.055128
-0.318073 0.258686 -0.912092 1.192472
0.000000 0.000000 0.000000 1.000000
End-effector transform while moving brick 1 to final location:
-0.834326 0.424498 0.351714 0.339553
0.471939 0.879740 0.057726 -0.045973
-0.284912 0.214150 -0.934326 1.172529
0.000000 0.000000 0.000000 1.000000
End-effector transform while moving brick 1 to final location:
-0.871877 0.386982 0.300126 0.345250
0.420836 0.905465 0.055040 -0.037991
-0.250454 0.174292 -0.952310 1.154461
0.000000 0.000000 0.000000 1.000000
End-effector transform while moving brick 1 to final location:
-0.902926 0.348545 0.251479 0.349776
0.371844 0.926927 0.050390 -0.031108
-0.215540 0.139009 -0.966550 1.138183
0.000000 0.000000 0.000000 1.000000
End-effector transform while moving brick 1 to final location:
-0.928089 0.310154 0.206048 0.353340
0.325462 0.944521 0.044217 -0.025234
-0.180902 0.108098 -0.977542 1.123597
0.000000 0.000000 0.000000 1.000000
End-effector transform while moving brick 1 to final location:
-0.948041 0.272616 0.164010 0.356122
0.282067 0.958683 0.036938 -0.020275
-0.147164 0.081280 -0.985767 1.110603
0.000000 0.000000 0.000000 1.000000
End-effector transform while moving brick 1 to final location:
-0.963476 0.236583 0.125465 0.358275
0.241920 0.969865 0.028934 -0.016131
-0.114839 0.058230 -0.991676 1.099091
0.000000 0.000000 0.000000 1.000000
End-effector transform while moving brick 1 to final location:
-0.975083 0.202565 0.090442 0.359926
0.205183 0.978508 0.020550 -0.012704
-0.084335 0.038595 -0.995690 1.088955
0.000000 0.000000 0.000000 1.000000
End-effector transform while moving brick 1 to final location:
-0.983518 0.170941 0.058913 0.361183
0.171929 0.985035 0.012084 -0.009897
-0.055965 0.022014 -0.998190 1.080085
0.000000 0.000000 0.000000 1.000000
End-effector transform while moving brick 1 to final location:
-0.989391 0.141976 0.030805 0.362132
0.142159 0.989837 0.003791 -0.007621
-0.029953 0.008130 -0.999518 1.072379
0.000000 0.000000 0.000000 1.000000
End-effector transform while moving brick 1 to final location:
-0.993250 0.115836 0.006007 0.362843
0.115813 0.993263 -0.004119 -0.005794
-0.006444 -0.003396 -0.999973 1.065735
0.000000 0.000000 0.000000 1.000000
End-effector transform while moving brick 1 to final location:
-0.995581 0.092601 -0.015619 0.363371
0.092785 0.995620 -0.011481 -0.004342
0.014487 -0.012879 -0.999812 1.060059
0.000000 0.000000 0.000000 1.000000
End-effector transform while moving brick 1 to final location:
-0.996797 0.072280 -0.034234 0.363762
0.072931 0.997171 -0.018170 -0.003200
0.032823 -0.020608 -0.999249 1.055261
0.000000 0.000000 0.000000 1.000000
End-effector transform while moving brick 1 to final location:
-0.997243 0.054822 -0.050017 0.364048
0.056080 0.998135 -0.024101 -0.002310
0.048602 -0.026840 -0.998458 1.051255
0.000000 0.000000 0.000000 1.000000
End-effector transform while moving brick 1 to final location:
-0.997196 0.040125 -0.063161 0.364256
0.042036 0.998689 -0.029225 -0.001626
0.061905 -0.031798 -0.997575 1.047964
0.000000 0.000000 0.000000 1.000000
End-effector transform while moving brick 1 to final location:
-0.996873 0.028046 -0.073871 0.364407
0.030589 0.998970 -0.033527 -0.001107
0.072854 -0.035681 -0.996704 1.045312
0.000000 0.000000 0.000000 1.000000
End-effector transform while moving brick 1 to final location:
-0.996433 0.018402 -0.082362 0.364513
0.021511 0.999083 -0.037018 -0.000720
0.081605 -0.038658 -0.995915 1.043229
0.000000 0.000000 0.000000 1.000000
End-effector transform while moving brick 1 to final location:
-0.995983 0.010982 -0.088861 0.364588
0.014562 0.999104 -0.039740 -0.000439
