Task started: 23-Oct-2024 19:03:01

Processing brick 1 of 1
Calculated joint angles to reach brick 1:
-1.799092 -0.343222 1.570796 0.265328 -3.414332 1.568658 -0.343187 \nEnd-effector transform while moving to brick 1:
-0.000000 -0.000000 -1.000000 -0.223150
1.000000 -0.000000 0.000000 0.000000
-0.000000 -1.000000 0.000000 1.393950
0.000000 0.000000 0.000000 1.000000
End-effector transform while moving to brick 1:
-0.000012 0.000000 -1.000000 -0.223168
1.000000 0.000020 -0.000012 0.000006
0.000020 -1.000000 -0.000000 1.393950
0.000000 0.000000 0.000000 1.000000
End-effector transform while moving to brick 1:
-0.000098 0.000000 -1.000000 -0.223294
1.000000 0.000154 -0.000098 0.000046
0.000154 -1.000000 -0.000000 1.393950
0.000000 0.000000 0.000000 1.000000
End-effector transform while moving to brick 1:
-0.000326 0.000000 -1.000000 -0.223628
1.000000 0.000511 -0.000326 0.000152
0.000511 -1.000000 -0.000000 1.393950
0.000000 0.000000 0.000000 1.000000
End-effector transform while moving to brick 1:
-0.000760 0.000000 -1.000000 -0.224266
0.999999 0.001192 -0.000760 0.000354
0.001192 -0.999999 -0.000001 1.393950
0.000000 0.000000 0.000000 1.000000
End-effector transform while moving to brick 1:
-0.001462 0.000000 -0.999999 -0.225295
0.999996 0.002292 -0.001461 0.000682
0.002292 -0.999997 -0.000004 1.393949
0.000000 0.000000 0.000000 1.000000
End-effector transform while moving to brick 1:
-0.002486 0.000000 -0.999997 -0.226799
0.999989 0.003898 -0.002486 0.001159
0.003898 -0.999992 -0.000010 1.393946
0.000000 0.000000 0.000000 1.000000
End-effector transform while moving to brick 1:
-0.003885 0.000001 -0.999992 -0.228851
0.999974 0.006092 -0.003885 0.001812
0.006092 -0.999981 -0.000025 1.393940
0.000000 0.000000 0.000000 1.000000
End-effector transform while moving to brick 1:
-0.005708 0.000003 -0.999984 -0.231523
0.999944 0.008949 -0.005708 0.002662
0.008949 -0.999960 -0.000054 1.393928
0.000000 0.000000 0.000000 1.000000
End-effector transform while moving to brick 1:
-0.007997 0.000005 -0.999968 -0.234878
0.999889 0.012538 -0.007996 0.003729
0.012538 -0.999921 -0.000105 1.393908
0.000000 0.000000 0.000000 1.000000
End-effector transform while moving to brick 1:
-0.010793 0.000009 -0.999942 -0.238973
0.999799 0.016922 -0.010792 0.005033
0.016921 -0.999857 -0.000192 1.393873
0.000000 0.000000 0.000000 1.000000
End-effector transform while moving to brick 1:
-0.014133 0.000016 -0.999900 -0.243859
0.999655 0.022157 -0.014129 0.006590
0.022154 -0.999755 -0.000329 1.393818
0.000000 0.000000 0.000000 1.000000
End-effector transform while moving to brick 1:
-0.018049 0.000026 -0.999837 -0.249583
0.999437 0.028293 -0.018041 0.008416
0.028288 -0.999600 -0.000537 1.393734
0.000000 0.000000 0.000000 1.000000
End-effector transform while moving to brick 1:
-0.022570 0.000041 -0.999745 -0.256183
0.999120 0.035377 -0.022555 0.010523
0.035367 -0.999374 -0.000839 1.393613
0.000000 0.000000 0.000000 1.000000
End-effector transform while moving to brick 1:
-0.027723 0.000062 -0.999616 -0.263695
0.998672 0.043445 -0.027694 0.012925
0.043427 -0.999056 -0.001266 1.393441
0.000000 0.000000 0.000000 1.000000
End-effector transform while moving to brick 1:
-0.033529 0.000090 -0.999438 -0.272146
0.998058 0.052532 -0.033478 0.015630
0.052500 -0.998619 -0.001852 1.393206
0.000000 0.000000 0.000000 1.000000
End-effector transform while moving to brick 1:
-0.040008 0.000129 -0.999199 -0.281560
0.997236 0.062664 -0.039922 0.018648
0.062609 -0.998035 -0.002635 1.392891
0.000000 0.000000 0.000000 1.000000
End-effector transform while moving to brick 1:
-0.047177 0.000179 -0.998887 -0.291954
0.996159 0.073863 -0.047035 0.021985
0.073772 -0.997268 -0.003663 1.392478
0.000000 0.000000 0.000000 1.000000
End-effector transform while moving to brick 1:
-0.055049 0.000243 -0.998484 -0.303341
0.994773 0.086142 -0.054824 0.025647
0.085998 -0.996283 -0.004984 1.391947
0.000000 0.000000 0.000000 1.000000
End-effector transform while moving to brick 1:
-0.063635 0.000324 -0.997973 -0.315728
0.993022 0.099510 -0.063287 0.029638
0.099288 -0.995037 -0.006654 1.391275
0.000000 0.000000 0.000000 1.000000
End-effector transform while moving to brick 1:
-0.072942 0.000425 -0.997336 -0.329118
0.990841 0.113969 -0.072418 0.033959
0.113634 -0.993484 -0.008734 1.390437
0.000000 0.000000 0.000000 1.000000
End-effector transform while moving to brick 1:
-0.082976 0.000548 -0.996551 -0.343509
0.988164 0.129514 -0.082206 0.038613
0.129023 -0.991577 -0.011288 1.389408
0.000000 0.000000 0.000000 1.000000
End-effector transform while moving to brick 1:
-0.093740 0.000697 -0.995596 -0.358893
0.984918 0.146134 -0.092632 0.043597
0.145426 -0.989265 -0.014385 1.388158
0.000000 0.000000 0.000000 1.000000
End-effector transform while moving to brick 1:
-0.105235 0.000875 -0.994447 -0.375259
0.981029 0.163811 -0.103671 0.048910
0.162810 -0.986491 -0.018097 1.386659
0.000000 0.000000 0.000000 1.000000
End-effector transform while moving to brick 1:
-0.117459 0.001084 -0.993077 -0.392593
0.976420 0.182517 -0.115289 0.054547
0.181129 -0.983202 -0.022497 1.384879
0.000000 0.000000 0.000000 1.000000
End-effector transform while moving to brick 1:
-0.130409 0.001328 -0.991459 -0.410874
0.971011 0.202222 -0.127449 0.060503
0.200325 -0.979339 -0.027661 1.382785
0.000000 0.000000 0.000000 1.000000
End-effector transform while moving to brick 1:
-0.144080 0.001610 -0.989565 -0.430080
0.964725 0.222884 -0.140101 0.066772
0.220332 -0.974844 -0.033666 1.380347
0.000000 0.000000 0.000000 1.000000
End-effector transform while moving to brick 1:
-0.158464 0.001931 -0.987363 -0.450185
0.957483 0.244455 -0.153190 0.073345
0.241070 -0.969659 -0.040586 1.377529
0.000000 0.000000 0.000000 1.000000
End-effector transform while moving to brick 1:
-0.173551 0.002295 -0.984822 -0.471157
0.949210 0.266882 -0.166654 0.080212
0.262449 -0.963726 -0.048496 1.374300
0.000000 0.000000 0.000000 1.000000
End-effector transform while moving to brick 1:
-0.189331 0.002702 -0.981910 -0.492966
0.939835 0.290102 -0.180420 0.087361
0.284366 -0.956992 -0.057465 1.370626
0.000000 0.000000 0.000000 1.000000
End-effector transform while moving to brick 1:
-0.205791 0.003154 -0.978591 -0.515574
0.929290 0.314045 -0.194411 0.094780
0.306708 -0.949403 -0.067558 1.366476
0.000000 0.000000 0.000000 1.000000
End-effector transform while moving to brick 1:
-0.222914 0.003650 -0.974831 -0.538944
0.917517 0.338636 -0.208540 0.102455
0.329351 -0.940911 -0.078835 1.361820
0.000000 0.000000 0.000000 1.000000
End-effector transform while moving to brick 1:
-0.240684 0.004190 -0.970594 -0.563036
0.904463 0.363792 -0.222715 0.110370
0.352161 -0.931471 -0.091349 1.356629
0.000000 0.000000 0.000000 1.000000
End-effector transform while moving to brick 1:
-0.259082 0.004773 -0.965844 -0.587807
0.890088 0.389426 -0.236836 0.118508
0.374995 -0.921045 -0.105142 1.350876
0.000000 0.000000 0.000000 1.000000
End-effector transform while moving to brick 1:
-0.278084 0.005396 -0.960542 -0.613213
0.874360 0.415445 -0.250800 0.126851
0.397699 -0.909602 -0.120247 1.344539
0.000000 0.000000 0.000000 1.000000
End-effector transform while moving to brick 1:
-0.297667 0.006056 -0.954650 -0.639209
0.857261 0.441751 -0.264498 0.135379
0.420116 -0.897117 -0.136687 1.337596
0.000000 0.000000 0.000000 1.000000
End-effector transform while moving to brick 1:
-0.317803 0.006748 -0.948133 -0.665748
0.838787 0.468244 -0.277820 0.144072
0.442083 -0.883574 -0.154469 1.330030
0.000000 0.000000 0.000000 1.000000
End-effector transform while moving to brick 1:
-0.338462 0.007465 -0.940951 -0.692782
0.818948 0.494819 -0.290652 0.152906
0.463430 -0.868964 -0.173591 1.321829
0.000000 0.000000 0.000000 1.000000
End-effector transform while moving to brick 1:
-0.359609 0.008203 -0.933067 -0.720263
0.797769 0.521371 -0.302881 0.161861
0.483990 -0.853290 -0.194034 1.312983
0.000000 0.000000 0.000000 1.000000
End-effector transform while moving to brick 1:
-0.381207 0.008952 -0.924446 -0.748142
0.775290 0.547796 -0.314396 0.170911
0.503594 -0.836564 -0.215764 1.303487
0.000000 0.000000 0.000000 1.000000
End-effector transform while moving to brick 1:
-0.403216 0.009704 -0.915054 -0.776371
0.751568 0.573989 -0.325089 0.180033
0.522076 -0.818806 -0.238734 1.293341
0.000000 0.000000 0.000000 1.000000
End-effector transform while moving to brick 1:
-0.425589 0.010450 -0.904856 -0.804899
0.726675 0.599846 -0.334856 0.189200
0.539275 -0.800047 -0.262882 1.282551
0.000000 0.000000 0.000000 1.000000
End-effector transform while moving to brick 1:
-0.448279 0.011180 -0.893824 -0.833679
0.700699 0.625268 -0.343600 0.198387
0.555038 -0.780330 -0.288128 1.271127
0.000000 0.000000 0.000000 1.000000
End-effector transform while moving to brick 1:
-0.471231 0.011884 -0.881930 -0.862661
0.673742 0.650160 -0.351232 0.207567
0.569222 -0.759704 -0.314383 1.259083
0.000000 0.000000 0.000000 1.000000
End-effector transform while moving to brick 1:
-0.494389 0.012551 -0.869150 -0.891797
0.645919 0.674433 -0.357672 0.216714
0.581694 -0.738229 -0.341539 1.246439
0.000000 0.000000 0.000000 1.000000
End-effector transform while moving to brick 1:
-0.517693 0.013171 -0.855465 -0.921041
0.617358 0.698002 -0.362853 0.225801
0.592338 -0.715975 -0.369482 1.233220
0.000000 0.000000 0.000000 1.000000
End-effector transform while moving to brick 1:
-0.541076 0.013733 -0.840862 -0.950346
0.588197 0.720792 -0.366720 0.234801
0.601050 -0.693015 -0.398081 1.219455
0.000000 0.000000 0.000000 1.000000
End-effector transform while moving to brick 1:
-0.564471 0.014228 -0.825330 -0.979667
0.558583 0.742735 -0.369229 0.243688
0.607748 -0.669434 -0.427200 1.205179
0.000000 0.000000 0.000000 1.000000
End-effector transform while moving to brick 1:
-0.587807 0.014648 -0.808868 -1.008958
0.528669 0.763772 -0.370354 0.252435
0.612366 -0.645320 -0.456695 1.190430
0.000000 0.000000 0.000000 1.000000
End-effector transform while moving to brick 1:
-0.611012 0.014985 -0.791480 -1.038176
0.498612 0.783854 -0.370080 0.261018
0.614859 -0.620765 -0.486416 1.175250
0.000000 0.000000 0.000000 1.000000
End-effector transform while moving to brick 1:
-0.634008 0.015233 -0.773176 -1.067280
0.468572 0.802940 -0.368412 0.269413
0.615202 -0.595865 -0.516208 1.159683
0.000000 0.000000 0.000000 1.000000
End-effector transform while moving to brick 1:
-0.656722 0.015386 -0.753976 -1.096228
0.438708 0.821001 -0.365366 0.277595
0.613393 -0.570719 -0.545920 1.143779
0.000000 0.000000 0.000000 1.000000
End-effector transform while moving to brick 1:
-0.679076 0.015443 -0.733905 -1.124981
0.409177 0.838017 -0.360975 0.285543
0.609450 -0.545426 -0.575396 1.127589
0.000000 0.000000 0.000000 1.000000
End-effector transform while moving to brick 1:
-0.700996 0.015400 -0.712999 -1.153499
0.380129 0.853976 -0.355284 0.293237
0.603413 -0.520084 -0.604487 1.111164
0.000000 0.000000 0.000000 1.000000
End-effector transform while moving to brick 1:
-0.722406 0.015259 -0.691300 -1.181745
0.351708 0.868879 -0.348355 0.300657
0.595341 -0.494790 -0.633050 1.094560
0.000000 0.000000 0.000000 1.000000
End-effector transform while moving to brick 1:
-0.743238 0.015021 -0.668859 -1.209683
0.324049 0.882732 -0.340260 0.307787
0.585311 -0.469637 -0.660947 1.077832
0.000000 0.000000 0.000000 1.000000
End-effector transform while moving to brick 1:
-0.763422 0.014691 -0.645732 -1.237278
0.297276 0.895551 -0.331083 0.314612
0.573422 -0.444717 -0.688051 1.061035
0.000000 0.000000 0.000000 1.000000
End-effector transform while moving to brick 1:
-0.782897 0.014274 -0.621987 -1.264496
0.271500 0.907359 -0.320915 0.321118
0.559785 -0.420113 -0.714245 1.044224
0.000000 0.000000 0.000000 1.000000
End-effector transform while moving to brick 1:
-0.801605 0.013777 -0.597696 -1.291303
0.246819 0.918187 -0.309859 0.327296
0.544528 -0.395907 -0.739424 1.027455
0.000000 0.000000 0.000000 1.000000
End-effector transform while moving to brick 1:
-0.819494 0.013208 -0.572936 -1.317668
0.223315 0.928070 -0.298021 0.333138
0.527788 -0.372171 -0.763497 1.010781
0.000000 0.000000 0.000000 1.000000
End-effector transform while moving to brick 1:
-0.836520 0.012577 -0.547792 -1.343558
0.201056 0.937048 -0.285512 0.338637
0.509717 -0.348974 -0.786388 0.994254
0.000000 0.000000 0.000000 1.000000
End-effector transform while moving to brick 1:
-0.852646 0.011894 -0.522354 -1.368945
0.180093 0.945166 -0.272448 0.343790
0.490470 -0.326374 -0.808034 0.977925
0.000000 0.000000 0.000000 1.000000
End-effector transform while moving to brick 1:
-0.867844 0.011170 -0.496712 -1.393797
0.160464 0.952471 -0.258941 0.348596
0.470211 -0.304425 -0.828388 0.961841
0.000000 0.000000 0.000000 1.000000
End-effector transform while moving to brick 1:
-0.882092 0.010415 -0.470963 -1.418087
0.142190 0.959012 -0.245107 0.353058
0.449106 -0.283173 -0.847418 0.946047
0.000000 0.000000 0.000000 1.000000
End-effector transform while moving to brick 1:
-0.895378 0.009641 -0.445203 -1.441785
0.125276 0.964841 -0.231057 0.357178
0.427322 -0.262656 -0.865105 0.930587
0.000000 0.000000 0.000000 1.000000
End-effector transform while moving to brick 1:
-0.907699 0.008860 -0.419529 -1.464866
0.109716 0.970009 -0.216898 0.360962
0.405026 -0.242907 -0.881448 0.915499
0.000000 0.000000 0.000000 1.000000
End-effector transform while moving to brick 1:
-0.919058 0.008080 -0.394040 -1.487303
0.095489 0.974567 -0.202734 0.364419
0.382380 -0.223951 -0.896455 0.900819
0.000000 0.000000 0.000000 1.000000
End-effector transform while moving to brick 1:
-0.929468 0.007312 -0.368831 -1.509070
0.082563 0.978566 -0.188660 0.367559
0.359546 -0.205805 -0.910149 0.886580
0.000000 0.000000 0.000000 1.000000
End-effector transform while moving to brick 1:
-0.938948 0.006566 -0.343995 -1.530143
0.070895 0.982054 -0.174767 0.370394
0.336674 -0.188485 -0.922564 0.872811
0.000000 0.000000 0.000000 1.000000
End-effector transform while moving to brick 1:
-0.947527 0.005847 -0.319623 -1.550499
0.060434 0.985080 -0.161136 0.372937
0.313912 -0.171997 -0.933743 0.859539
0.000000 0.000000 0.000000 1.000000
End-effector transform while moving to brick 1:
-0.955235 0.005164 -0.295802 -1.570114
0.051121 0.987689 -0.147840 0.375202
0.291397 -0.156344 -0.943740 0.846785
0.000000 0.000000 0.000000 1.000000
End-effector transform while moving to brick 1:
-0.962113 0.004522 -0.272613 -1.588968
0.042889 0.989924 -0.134945 0.377205
0.269256 -0.141525 -0.952613 0.834569
0.000000 0.000000 0.000000 1.000000
End-effector transform while moving to brick 1:
-0.968204 0.003925 -0.250132 -1.607042
0.035670 0.991826 -0.122508 0.378964
0.247607 -0.127535 -0.960430 0.822906
0.000000 0.000000 0.000000 1.000000
End-effector transform while moving to brick 1:
-0.973555 0.003375 -0.228429 -1.624316
0.029389 0.993433 -0.110575 0.380495
0.226556 -0.114365 -0.967261 0.811810
0.000000 0.000000 0.000000 1.000000
End-effector transform while moving to brick 1:
-0.978216 0.002875 -0.207569 -1.640776
0.023971 0.994780 -0.099189 0.381816
0.206201 -0.102004 -0.973179 0.801290
0.000000 0.000000 0.000000 1.000000
End-effector transform while moving to brick 1:
-0.982241 0.002426 -0.187609 -1.656407
0.019340 0.995899 -0.088379 0.382946
0.186625 -0.090438 -0.978260 0.791352
0.000000 0.000000 0.000000 1.000000
End-effector transform while moving to brick 1:
-0.985683 0.002025 -0.168597 -1.671196
0.015419 0.996821 -0.078170 0.383902
0.167903 -0.079651 -0.982580 0.782000
0.000000 0.000000 0.000000 1.000000
End-effector transform while moving to brick 1:
-0.988597 0.001674 -0.150578 -1.685134
0.012135 0.997572 -0.068580 0.384702
0.150098 -0.069625 -0.986217 0.773235
0.000000 0.000000 0.000000 1.000000
End-effector transform while moving to brick 1:
-0.991036 0.001368 -0.133586 -1.698215
0.009414 0.998177 -0.059619 0.385363
0.133261 -0.060342 -0.989242 0.765055
0.000000 0.000000 0.000000 1.000000
Task started: 24-Oct-2024 01:13:35

Processing brick 1 of 1
Calculated joint angles to reach brick 1:
-1.799092 -0.343222 1.570796 0.265328 -3.414332 1.568658 -0.343187 \nEnd-effector transform while moving to brick 1:
-0.000000 -0.000000 -1.000000 -0.223150
1.000000 -0.000000 0.000000 0.000000
-0.000000 -1.000000 0.000000 1.393950
0.000000 0.000000 0.000000 1.000000
End-effector transform while moving to brick 1:
-0.000012 0.000000 -1.000000 -0.223168
1.000000 0.000020 -0.000012 0.000006
0.000020 -1.000000 -0.000000 1.393950
0.000000 0.000000 0.000000 1.000000
End-effector transform while moving to brick 1:
-0.000098 0.000000 -1.000000 -0.223294
1.000000 0.000154 -0.000098 0.000046
0.000154 -1.000000 -0.000000 1.393950
0.000000 0.000000 0.000000 1.000000
End-effector transform while moving to brick 1:
-0.000326 0.000000 -1.000000 -0.223628
1.000000 0.000511 -0.000326 0.000152
0.000511 -1.000000 -0.000000 1.393950
0.000000 0.000000 0.000000 1.000000
End-effector transform while moving to brick 1:
-0.000760 0.000000 -1.000000 -0.224266
0.999999 0.001192 -0.000760 0.000354
0.001192 -0.999999 -0.000001 1.393950
0.000000 0.000000 0.000000 1.000000
End-effector transform while moving to brick 1:
-0.001462 0.000000 -0.999999 -0.225295
0.999996 0.002292 -0.001461 0.000682
0.002292 -0.999997 -0.000004 1.393949
0.000000 0.000000 0.000000 1.000000
End-effector transform while moving to brick 1:
-0.002486 0.000000 -0.999997 -0.226799
0.999989 0.003898 -0.002486 0.001159
0.003898 -0.999992 -0.000010 1.393946
0.000000 0.000000 0.000000 1.000000
End-effector transform while moving to brick 1:
-0.003885 0.000001 -0.999992 -0.228851
0.999974 0.006092 -0.003885 0.001812
0.006092 -0.999981 -0.000025 1.393940
0.000000 0.000000 0.000000 1.000000
End-effector transform while moving to brick 1:
-0.005708 0.000003 -0.999984 -0.231523
0.999944 0.008949 -0.005708 0.002662
0.008949 -0.999960 -0.000054 1.393928
0.000000 0.000000 0.000000 1.000000
End-effector transform while moving to brick 1:
-0.007997 0.000005 -0.999968 -0.234878
0.999889 0.012538 -0.007996 0.003729
0.012538 -0.999921 -0.000105 1.393908
0.000000 0.000000 0.000000 1.000000
End-effector transform while moving to brick 1:
-0.010793 0.000009 -0.999942 -0.238973
0.999799 0.016922 -0.010792 0.005033
0.016921 -0.999857 -0.000192 1.393873
0.000000 0.000000 0.000000 1.000000
End-effector transform while moving to brick 1:
-0.014133 0.000016 -0.999900 -0.243859
0.999655 0.022157 -0.014129 0.006590
0.022154 -0.999755 -0.000329 1.393818
0.000000 0.000000 0.000000 1.000000
End-effector transform while moving to brick 1:
-0.018049 0.000026 -0.999837 -0.249583
0.999437 0.028293 -0.018041 0.008416
0.028288 -0.999600 -0.000537 1.393734
0.000000 0.000000 0.000000 1.000000
End-effector transform while moving to brick 1:
-0.022570 0.000041 -0.999745 -0.256183
0.999120 0.035377 -0.022555 0.010523
0.035367 -0.999374 -0.000839 1.393613
0.000000 0.000000 0.000000 1.000000
End-effector transform while moving to brick 1:
-0.027723 0.000062 -0.999616 -0.263695
0.998672 0.043445 -0.027694 0.012925
0.043427 -0.999056 -0.001266 1.393441
0.000000 0.000000 0.000000 1.000000
End-effector transform while moving to brick 1:
-0.033529 0.000090 -0.999438 -0.272146
0.998058 0.052532 -0.033478 0.015630
0.052500 -0.998619 -0.001852 1.393206
0.000000 0.000000 0.000000 1.000000
End-effector transform while moving to brick 1:
-0.040008 0.000129 -0.999199 -0.281560
0.997236 0.062664 -0.039922 0.018648
0.062609 -0.998035 -0.002635 1.392891
0.000000 0.000000 0.000000 1.000000
End-effector transform while moving to brick 1:
-0.047177 0.000179 -0.998887 -0.291954
0.996159 0.073863 -0.047035 0.021985
0.073772 -0.997268 -0.003663 1.392478
0.000000 0.000000 0.000000 1.000000
End-effector transform while moving to brick 1:
-0.055049 0.000243 -0.998484 -0.303341
0.994773 0.086142 -0.054824 0.025647
0.085998 -0.996283 -0.004984 1.391947
0.000000 0.000000 0.000000 1.000000
End-effector transform while moving to brick 1:
-0.063635 0.000324 -0.997973 -0.315728
0.993022 0.099510 -0.063287 0.029638
0.099288 -0.995037 -0.006654 1.391275
0.000000 0.000000 0.000000 1.000000
End-effector transform while moving to brick 1:
-0.072942 0.000425 -0.997336 -0.329118
0.990841 0.113969 -0.072418 0.033959
0.113634 -0.993484 -0.008734 1.390437
0.000000 0.000000 0.000000 1.000000
End-effector transform while moving to brick 1:
-0.082976 0.000548 -0.996551 -0.343509
0.988164 0.129514 -0.082206 0.038613
0.129023 -0.991577 -0.011288 1.389408
0.000000 0.000000 0.000000 1.000000
End-effector transform while moving to brick 1:
-0.093740 0.000697 -0.995596 -0.358893
0.984918 0.146134 -0.092632 0.043597
0.145426 -0.989265 -0.014385 1.388158
0.000000 0.000000 0.000000 1.000000
End-effector transform while moving to brick 1:
-0.105235 0.000875 -0.994447 -0.375259
0.981029 0.163811 -0.103671 0.048910
0.162810 -0.986491 -0.018097 1.386659
0.000000 0.000000 0.000000 1.000000
End-effector transform while moving to brick 1:
-0.117459 0.001084 -0.993077 -0.392593
0.976420 0.182517 -0.115289 0.054547
0.181129 -0.983202 -0.022497 1.384879
0.000000 0.000000 0.000000 1.000000
End-effector transform while moving to brick 1:
-0.130409 0.001328 -0.991459 -0.410874
0.971011 0.202222 -0.127449 0.060503
0.200325 -0.979339 -0.027661 1.382785
0.000000 0.000000 0.000000 1.000000
End-effector transform while moving to brick 1:
-0.144080 0.001610 -0.989565 -0.430080
0.964725 0.222884 -0.140101 0.066772
0.220332 -0.974844 -0.033666 1.380347
0.000000 0.000000 0.000000 1.000000
End-effector transform while moving to brick 1:
-0.158464 0.001931 -0.987363 -0.450185
0.957483 0.244455 -0.153190 0.073345
0.241070 -0.969659 -0.040586 1.377529
0.000000 0.000000 0.000000 1.000000
End-effector transform while moving to brick 1:
-0.173551 0.002295 -0.984822 -0.471157
0.949210 0.266882 -0.166654 0.080212
0.262449 -0.963726 -0.048496 1.374300
0.000000 0.000000 0.000000 1.000000
End-effector transform while moving to brick 1:
-0.189331 0.002702 -0.981910 -0.492966
0.939835 0.290102 -0.180420 0.087361
0.284366 -0.956992 -0.057465 1.370626
0.000000 0.000000 0.000000 1.000000
End-effector transform while moving to brick 1:
-0.205791 0.003154 -0.978591 -0.515574
0.929290 0.314045 -0.194411 0.094780
0.306708 -0.949403 -0.067558 1.366476
0.000000 0.000000 0.000000 1.000000
End-effector transform while moving to brick 1:
-0.222914 0.003650 -0.974831 -0.538944
0.917517 0.338636 -0.208540 0.102455
0.329351 -0.940911 -0.078835 1.361820
0.000000 0.000000 0.000000 1.000000
End-effector transform while moving to brick 1:
-0.240684 0.004190 -0.970594 -0.563036
0.904463 0.363792 -0.222715 0.110370
0.352161 -0.931471 -0.091349 1.356629
0.000000 0.000000 0.000000 1.000000
End-effector transform while moving to brick 1:
-0.259082 0.004773 -0.965844 -0.587807
0.890088 0.389426 -0.236836 0.118508
0.374995 -0.921045 -0.105142 1.350876
0.000000 0.000000 0.000000 1.000000
End-effector transform while moving to brick 1:
-0.278084 0.005396 -0.960542 -0.613213
0.874360 0.415445 -0.250800 0.126851
0.397699 -0.909602 -0.120247 1.344539
0.000000 0.000000 0.000000 1.000000
End-effector transform while moving to brick 1:
-0.297667 0.006056 -0.954650 -0.639209
0.857261 0.441751 -0.264498 0.135379
0.420116 -0.897117 -0.136687 1.337596
0.000000 0.000000 0.000000 1.000000
End-effector transform while moving to brick 1:
-0.317803 0.006748 -0.948133 -0.665748
0.838787 0.468244 -0.277820 0.144072
0.442083 -0.883574 -0.154469 1.330030
0.000000 0.000000 0.000000 1.000000
End-effector transform while moving to brick 1:
-0.338462 0.007465 -0.940951 -0.692782
0.818948 0.494819 -0.290652 0.152906
0.463430 -0.868964 -0.173591 1.321829
0.000000 0.000000 0.000000 1.000000
End-effector transform while moving to brick 1:
-0.359609 0.008203 -0.933067 -0.720263
0.797769 0.521371 -0.302881 0.161861
0.483990 -0.853290 -0.194034 1.312983
0.000000 0.000000 0.000000 1.000000
End-effector transform while moving to brick 1:
-0.381207 0.008952 -0.924446 -0.748142
0.775290 0.547796 -0.314396 0.170911
0.503594 -0.836564 -0.215764 1.303487
0.000000 0.000000 0.000000 1.000000
End-effector transform while moving to brick 1:
-0.403216 0.009704 -0.915054 -0.776371
0.751568 0.573989 -0.325089 0.180033
0.522076 -0.818806 -0.238734 1.293341
0.000000 0.000000 0.000000 1.000000
End-effector transform while moving to brick 1:
-0.425589 0.010450 -0.904856 -0.804899
0.726675 0.599846 -0.334856 0.189200
0.539275 -0.800047 -0.262882 1.282551
0.000000 0.000000 0.000000 1.000000
End-effector transform while moving to brick 1:
-0.448279 0.011180 -0.893824 -0.833679
0.700699 0.625268 -0.343600 0.198387
0.555038 -0.780330 -0.288128 1.271127
0.000000 0.000000 0.000000 1.000000
End-effector transform while moving to brick 1:
-0.471231 0.011884 -0.881930 -0.862661
0.673742 0.650160 -0.351232 0.207567
0.569222 -0.759704 -0.314383 1.259083
0.000000 0.000000 0.000000 1.000000
End-effector transform while moving to brick 1:
-0.494389 0.012551 -0.869150 -0.891797
0.645919 0.674433 -0.357672 0.216714
0.581694 -0.738229 -0.341539 1.246439
0.000000 0.000000 0.000000 1.000000
End-effector transform while moving to brick 1:
-0.517693 0.013171 -0.855465 -0.921041
0.617358 0.698002 -0.362853 0.225801
0.592338 -0.715975 -0.369482 1.233220
0.000000 0.000000 0.000000 1.000000
End-effector transform while moving to brick 1:
-0.541076 0.013733 -0.840862 -0.950346
0.588197 0.720792 -0.366720 0.234801
0.601050 -0.693015 -0.398081 1.219455
0.000000 0.000000 0.000000 1.000000
End-effector transform while moving to brick 1:
-0.564471 0.014228 -0.825330 -0.979667
0.558583 0.742735 -0.369229 0.243688
0.607748 -0.669434 -0.427200 1.205179
0.000000 0.000000 0.000000 1.000000
End-effector transform while moving to brick 1:
-0.587807 0.014648 -0.808868 -1.008958
0.528669 0.763772 -0.370354 0.252435
0.612366 -0.645320 -0.456695 1.190430
0.000000 0.000000 0.000000 1.000000
End-effector transform while moving to brick 1:
-0.611012 0.014985 -0.791480 -1.038176
0.498612 0.783854 -0.370080 0.261018
0.614859 -0.620765 -0.486416 1.175250
0.000000 0.000000 0.000000 1.000000
End-effector transform while moving to brick 1:
-0.634008 0.015233 -0.773176 -1.067280
0.468572 0.802940 -0.368412 0.269413
0.615202 -0.595865 -0.516208 1.159683
0.000000 0.000000 0.000000 1.000000
End-effector transform while moving to brick 1:
-0.656722 0.015386 -0.753976 -1.096228
0.438708 0.821001 -0.365366 0.277595
0.613393 -0.570719 -0.545920 1.143779
0.000000 0.000000 0.000000 1.000000
End-effector transform while moving to brick 1:
-0.679076 0.015443 -0.733905 -1.124981
0.409177 0.838017 -0.360975 0.285543
0.609450 -0.545426 -0.575396 1.127589
0.000000 0.000000 0.000000 1.000000
End-effector transform while moving to brick 1:
-0.700996 0.015400 -0.712999 -1.153499
0.380129 0.853976 -0.355284 0.293237
0.603413 -0.520084 -0.604487 1.111164
0.000000 0.000000 0.000000 1.000000
End-effector transform while moving to brick 1:
-0.722406 0.015259 -0.691300 -1.181745
0.351708 0.868879 -0.348355 0.300657
0.595341 -0.494790 -0.633050 1.094560
0.000000 0.000000 0.000000 1.000000
End-effector transform while moving to brick 1:
-0.743238 0.015021 -0.668859 -1.209683
0.324049 0.882732 -0.340260 0.307787
0.585311 -0.469637 -0.660947 1.077832
0.000000 0.000000 0.000000 1.000000
End-effector transform while moving to brick 1:
-0.763422 0.014691 -0.645732 -1.237278
0.297276 0.895551 -0.331083 0.314612
0.573422 -0.444717 -0.688051 1.061035
0.000000 0.000000 0.000000 1.000000
End-effector transform while moving to brick 1:
-0.782897 0.014274 -0.621987 -1.264496
0.271500 0.907359 -0.320915 0.321118
0.559785 -0.420113 -0.714245 1.044224
0.000000 0.000000 0.000000 1.000000
End-effector transform while moving to brick 1:
-0.801605 0.013777 -0.597696 -1.291303
0.246819 0.918187 -0.309859 0.327296
0.544528 -0.395907 -0.739424 1.027455
0.000000 0.000000 0.000000 1.000000
End-effector transform while moving to brick 1:
-0.819494 0.013208 -0.572936 -1.317668
0.223315 0.928070 -0.298021 0.333138
0.527788 -0.372171 -0.763497 1.010781
0.000000 0.000000 0.000000 1.000000
End-effector transform while moving to brick 1:
-0.836520 0.012577 -0.547792 -1.343558
0.201056 0.937048 -0.285512 0.338637
0.509717 -0.348974 -0.786388 0.994254
0.000000 0.000000 0.000000 1.000000
End-effector transform while moving to brick 1:
-0.852646 0.011894 -0.522354 -1.368945
0.180093 0.945166 -0.272448 0.343790
0.490470 -0.326374 -0.808034 0.977925
0.000000 0.000000 0.000000 1.000000
End-effector transform while moving to brick 1:
-0.867844 0.011170 -0.496712 -1.393797
0.160464 0.952471 -0.258941 0.348596
0.470211 -0.304425 -0.828388 0.961841
0.000000 0.000000 0.000000 1.000000
End-effector transform while moving to brick 1:
-0.882092 0.010415 -0.470963 -1.418087
0.142190 0.959012 -0.245107 0.353058
0.449106 -0.283173 -0.847418 0.946047
0.000000 0.000000 0.000000 1.000000
End-effector transform while moving to brick 1:
-0.895378 0.009641 -0.445203 -1.441785
0.125276 0.964841 -0.231057 0.357178
0.427322 -0.262656 -0.865105 0.930587
0.000000 0.000000 0.000000 1.000000
