Task started: 24-Oct-2024 22:21:57

Processing brick 1 of 9
Calculated joint angles to reach brick 1:
-0.800000 -0.345550 1.570796 0.264831 -3.413724 1.568555 -0.345474 \nEnd-effector transform while moving to brick 1:
-0.000000 -0.000000 -1.000000 -0.223150
1.000000 -0.000000 0.000000 0.000000
-0.000000 -1.000000 0.000000 1.393950
0.000000 0.000000 0.000000 1.000000
End-effector transform while moving to brick 1:
-0.000012 0.000000 -1.000000 -0.223158
1.000000 0.000020 -0.000012 0.000006
0.000020 -1.000000 -0.000000 1.393950
0.000000 0.000000 0.000000 1.000000
End-effector transform while moving to brick 1:
-0.000098 0.000000 -1.000000 -0.223214
1.000000 0.000154 -0.000098 0.000046
0.000154 -1.000000 -0.000000 1.393950
0.000000 0.000000 0.000000 1.000000
End-effector transform while moving to brick 1:
-0.000325 0.000000 -1.000000 -0.223363
1.000000 0.000511 -0.000325 0.000152
0.000511 -1.000000 -0.000000 1.393950
0.000000 0.000000 0.000000 1.000000
End-effector transform while moving to brick 1:
-0.000759 0.000000 -1.000000 -0.223646
0.999999 0.001193 -0.000759 0.000355
0.001193 -0.999999 -0.000001 1.393950
0.000000 0.000000 0.000000 1.000000
End-effector transform while moving to brick 1:
-0.001459 0.000000 -0.999999 -0.224104
0.999996 0.002294 -0.001459 0.000682
0.002294 -0.999997 -0.000004 1.393949
0.000000 0.000000 0.000000 1.000000
End-effector transform while moving to brick 1:
-0.002481 0.000001 -0.999997 -0.224772
0.999989 0.003902 -0.002481 0.001160
0.003902 -0.999992 -0.000010 1.393946
0.000000 0.000000 0.000000 1.000000
End-effector transform while moving to brick 1:
-0.003878 0.000001 -0.999992 -0.225684
0.999974 0.006099 -0.003878 0.001813
0.006099 -0.999981 -0.000025 1.393940
0.000000 0.000000 0.000000 1.000000
End-effector transform while moving to brick 1:
-0.005697 0.000003 -0.999984 -0.226870
0.999944 0.008959 -0.005696 0.002664
0.008959 -0.999960 -0.000054 1.393928
0.000000 0.000000 0.000000 1.000000
End-effector transform while moving to brick 1:
-0.007981 0.000005 -0.999968 -0.228358
0.999889 0.012553 -0.007981 0.003732
0.012552 -0.999921 -0.000105 1.393908
0.000000 0.000000 0.000000 1.000000
End-effector transform while moving to brick 1:
-0.010772 0.000010 -0.999942 -0.230173
0.999798 0.016941 -0.010770 0.005037
0.016940 -0.999856 -0.000192 1.393873
0.000000 0.000000 0.000000 1.000000
End-effector transform while moving to brick 1:
-0.014105 0.000016 -0.999901 -0.232337
0.999655 0.022182 -0.014101 0.006595
0.022179 -0.999754 -0.000329 1.393818
0.000000 0.000000 0.000000 1.000000
End-effector transform while moving to brick 1:
-0.018013 0.000027 -0.999838 -0.234868
0.999437 0.028325 -0.018005 0.008422
0.028320 -0.999599 -0.000537 1.393734
0.000000 0.000000 0.000000 1.000000
End-effector transform while moving to brick 1:
-0.022525 0.000042 -0.999746 -0.237783
0.999119 0.035417 -0.022510 0.010531
0.035407 -0.999373 -0.000839 1.393613
0.000000 0.000000 0.000000 1.000000
End-effector transform while moving to brick 1:
-0.027668 0.000063 -0.999617 -0.241094
0.998671 0.043494 -0.027639 0.012934
0.043476 -0.999054 -0.001266 1.393442
0.000000 0.000000 0.000000 1.000000
End-effector transform while moving to brick 1:
-0.033463 0.000092 -0.999440 -0.244813
0.998057 0.052592 -0.033411 0.015642
0.052559 -0.998616 -0.001851 1.393206
0.000000 0.000000 0.000000 1.000000
End-effector transform while moving to brick 1:
-0.039929 0.000130 -0.999202 -0.248946
0.997235 0.062735 -0.039842 0.018662
0.062680 -0.998030 -0.002635 1.392891
0.000000 0.000000 0.000000 1.000000
End-effector transform while moving to brick 1:
-0.047084 0.000181 -0.998891 -0.253499
0.996157 0.073946 -0.046942 0.022002
0.073856 -0.997262 -0.003662 1.392479
0.000000 0.000000 0.000000 1.000000
End-effector transform while moving to brick 1:
-0.054941 0.000246 -0.998490 -0.258474
0.994771 0.086239 -0.054715 0.025666
0.086095 -0.996274 -0.004983 1.391947
0.000000 0.000000 0.000000 1.000000
End-effector transform while moving to brick 1:
-0.063510 0.000329 -0.997981 -0.263870
0.993019 0.099622 -0.063161 0.029660
0.099400 -0.995025 -0.006653 1.391275
0.000000 0.000000 0.000000 1.000000
End-effector transform while moving to brick 1:
-0.072799 0.000431 -0.997347 -0.269684
0.990837 0.114097 -0.072274 0.033985
0.113763 -0.993470 -0.008733 1.390438
0.000000 0.000000 0.000000 1.000000
End-effector transform while moving to brick 1:
-0.082813 0.000556 -0.996565 -0.275911
0.988159 0.129660 -0.082042 0.038642
0.129169 -0.991558 -0.011287 1.389409
0.000000 0.000000 0.000000 1.000000
End-effector transform while moving to brick 1:
-0.093557 0.000707 -0.995614 -0.282543
0.984911 0.146298 -0.092447 0.043630
0.145591 -0.989240 -0.014383 1.388160
0.000000 0.000000 0.000000 1.000000
End-effector transform while moving to brick 1:
-0.105030 0.000887 -0.994469 -0.289571
0.981021 0.163993 -0.103464 0.048946
0.162995 -0.986461 -0.018094 1.386661
0.000000 0.000000 0.000000 1.000000
End-effector transform while moving to brick 1:
-0.117232 0.001099 -0.993104 -0.296980
0.976409 0.182720 -0.115059 0.054588
0.181334 -0.983164 -0.022494 1.384881
0.000000 0.000000 0.000000 1.000000
End-effector transform while moving to brick 1:
-0.130158 0.001346 -0.991492 -0.304759
0.970998 0.202446 -0.127193 0.060549
0.200552 -0.979293 -0.027657 1.382788
0.000000 0.000000 0.000000 1.000000
End-effector transform while moving to brick 1:
-0.143805 0.001632 -0.989605 -0.312891
0.964709 0.223129 -0.139819 0.066822
0.220582 -0.974787 -0.033661 1.380350
0.000000 0.000000 0.000000 1.000000
End-effector transform while moving to brick 1:
-0.158163 0.001958 -0.987411 -0.321359
0.957464 0.244723 -0.152881 0.073399
0.241343 -0.969591 -0.040581 1.377533
0.000000 0.000000 0.000000 1.000000
Task started: 24-Oct-2024 22:23:43

Processing brick 1 of 9
Calculated joint angles to reach brick 1:
-0.800000 -0.345550 1.570796 0.264831 -3.413724 1.568555 -0.345474 \nEnd-effector transform while moving to brick 1:
-0.000000 -0.000000 -1.000000 -0.223150
1.000000 -0.000000 0.000000 0.000000
-0.000000 -1.000000 0.000000 1.393950
0.000000 0.000000 0.000000 1.000000
End-effector transform while moving to brick 1:
-0.000012 0.000000 -1.000000 -0.223158
1.000000 0.000020 -0.000012 0.000006
0.000020 -1.000000 -0.000000 1.393950
0.000000 0.000000 0.000000 1.000000
End-effector transform while moving to brick 1:
-0.000098 0.000000 -1.000000 -0.223214
1.000000 0.000154 -0.000098 0.000046
0.000154 -1.000000 -0.000000 1.393950
0.000000 0.000000 0.000000 1.000000
End-effector transform while moving to brick 1:
-0.000325 0.000000 -1.000000 -0.223363
1.000000 0.000511 -0.000325 0.000152
0.000511 -1.000000 -0.000000 1.393950
0.000000 0.000000 0.000000 1.000000
End-effector transform while moving to brick 1:
-0.000759 0.000000 -1.000000 -0.223646
0.999999 0.001193 -0.000759 0.000355
0.001193 -0.999999 -0.000001 1.393950
0.000000 0.000000 0.000000 1.000000
End-effector transform while moving to brick 1:
-0.001459 0.000000 -0.999999 -0.224104
0.999996 0.002294 -0.001459 0.000682
0.002294 -0.999997 -0.000004 1.393949
0.000000 0.000000 0.000000 1.000000
End-effector transform while moving to brick 1:
-0.002481 0.000001 -0.999997 -0.224772
0.999989 0.003902 -0.002481 0.001160
0.003902 -0.999992 -0.000010 1.393946
0.000000 0.000000 0.000000 1.000000
End-effector transform while moving to brick 1:
-0.003878 0.000001 -0.999992 -0.225684
0.999974 0.006099 -0.003878 0.001813
0.006099 -0.999981 -0.000025 1.393940
0.000000 0.000000 0.000000 1.000000
End-effector transform while moving to brick 1:
-0.005697 0.000003 -0.999984 -0.226870
0.999944 0.008959 -0.005696 0.002664
0.008959 -0.999960 -0.000054 1.393928
0.000000 0.000000 0.000000 1.000000
End-effector transform while moving to brick 1:
-0.007981 0.000005 -0.999968 -0.228358
0.999889 0.012553 -0.007981 0.003732
0.012552 -0.999921 -0.000105 1.393908
0.000000 0.000000 0.000000 1.000000
End-effector transform while moving to brick 1:
-0.010772 0.000010 -0.999942 -0.230173
0.999798 0.016941 -0.010770 0.005037
0.016940 -0.999856 -0.000192 1.393873
0.000000 0.000000 0.000000 1.000000
End-effector transform while moving to brick 1:
-0.014105 0.000016 -0.999901 -0.232337
0.999655 0.022182 -0.014101 0.006595
0.022179 -0.999754 -0.000329 1.393818
0.000000 0.000000 0.000000 1.000000
End-effector transform while moving to brick 1:
-0.018013 0.000027 -0.999838 -0.234868
0.999437 0.028325 -0.018005 0.008422
0.028320 -0.999599 -0.000537 1.393734
0.000000 0.000000 0.000000 1.000000
End-effector transform while moving to brick 1:
-0.022525 0.000042 -0.999746 -0.237783
0.999119 0.035417 -0.022510 0.010531
0.035407 -0.999373 -0.000839 1.393613
0.000000 0.000000 0.000000 1.000000
