Task started: 24-Oct-2024 23:57:42

Processing brick 1 of 1
Calculated joint angles to reach brick 1:
-1.799092 -0.343222 1.570796 0.265328 -3.414332 1.568658 -0.343187 \nEnd-effector transform while moving to brick 1:
-0.000000 -0.000000 -1.000000 -0.223150
1.000000 -0.000000 0.000000 0.000000
-0.000000 -1.000000 0.000000 1.393950
0.000000 0.000000 0.000000 1.000000
End-effector transform while moving to brick 1:
-0.000012 0.000000 -1.000000 -0.223168
1.000000 0.000020 -0.000012 0.000006
0.000020 -1.000000 -0.000000 1.393950
0.000000 0.000000 0.000000 1.000000
End-effector transform while moving to brick 1:
-0.000098 0.000000 -1.000000 -0.223294
1.000000 0.000154 -0.000098 0.000046
0.000154 -1.000000 -0.000000 1.393950
0.000000 0.000000 0.000000 1.000000
End-effector transform while moving to brick 1:
-0.000326 0.000000 -1.000000 -0.223628
1.000000 0.000511 -0.000326 0.000152
0.000511 -1.000000 -0.000000 1.393950
0.000000 0.000000 0.000000 1.000000
End-effector transform while moving to brick 1:
-0.000760 0.000000 -1.000000 -0.224266
0.999999 0.001192 -0.000760 0.000354
0.001192 -0.999999 -0.000001 1.393950
0.000000 0.000000 0.000000 1.000000
End-effector transform while moving to brick 1:
-0.001462 0.000000 -0.999999 -0.225295
0.999996 0.002292 -0.001461 0.000682
0.002292 -0.999997 -0.000004 1.393949
0.000000 0.000000 0.000000 1.000000
End-effector transform while moving to brick 1:
-0.002486 0.000000 -0.999997 -0.226799
0.999989 0.003898 -0.002486 0.001159
0.003898 -0.999992 -0.000010 1.393946
0.000000 0.000000 0.000000 1.000000
End-effector transform while moving to brick 1:
-0.003885 0.000001 -0.999992 -0.228851
0.999974 0.006092 -0.003885 0.001812
0.006092 -0.999981 -0.000025 1.393940
0.000000 0.000000 0.000000 1.000000
End-effector transform while moving to brick 1:
-0.005708 0.000003 -0.999984 -0.231523
0.999944 0.008949 -0.005708 0.002662
0.008949 -0.999960 -0.000054 1.393928
0.000000 0.000000 0.000000 1.000000
End-effector transform while moving to brick 1:
-0.007997 0.000005 -0.999968 -0.234878
0.999889 0.012538 -0.007996 0.003729
0.012538 -0.999921 -0.000105 1.393908
0.000000 0.000000 0.000000 1.000000
End-effector transform while moving to brick 1:
-0.010793 0.000009 -0.999942 -0.238973
0.999799 0.016922 -0.010792 0.005033
0.016921 -0.999857 -0.000192 1.393873
0.000000 0.000000 0.000000 1.000000
End-effector transform while moving to brick 1:
-0.014133 0.000016 -0.999900 -0.243859
0.999655 0.022157 -0.014129 0.006590
0.022154 -0.999755 -0.000329 1.393818
0.000000 0.000000 0.000000 1.000000
End-effector transform while moving to brick 1:
-0.018049 0.000026 -0.999837 -0.249583
0.999437 0.028293 -0.018041 0.008416
0.028288 -0.999600 -0.000537 1.393734
0.000000 0.000000 0.000000 1.000000
End-effector transform while moving to brick 1:
-0.022570 0.000041 -0.999745 -0.256183
0.999120 0.035377 -0.022555 0.010523
0.035367 -0.999374 -0.000839 1.393613
0.000000 0.000000 0.000000 1.000000
End-effector transform while moving to brick 1:
-0.027723 0.000062 -0.999616 -0.263695
0.998672 0.043445 -0.027694 0.012925
0.043427 -0.999056 -0.001266 1.393441
0.000000 0.000000 0.000000 1.000000
End-effector transform while moving to brick 1:
-0.033529 0.000090 -0.999438 -0.272146
0.998058 0.052532 -0.033478 0.015630
0.052500 -0.998619 -0.001852 1.393206
0.000000 0.000000 0.000000 1.000000
End-effector transform while moving to brick 1:
-0.040008 0.000129 -0.999199 -0.281560
0.997236 0.062664 -0.039922 0.018648
0.062609 -0.998035 -0.002635 1.392891
0.000000 0.000000 0.000000 1.000000
End-effector transform while moving to brick 1:
-0.047177 0.000179 -0.998887 -0.291954
0.996159 0.073863 -0.047035 0.021985
0.073772 -0.997268 -0.003663 1.392478
0.000000 0.000000 0.000000 1.000000
End-effector transform while moving to brick 1:
-0.055049 0.000243 -0.998484 -0.303341
0.994773 0.086142 -0.054824 0.025647
0.085998 -0.996283 -0.004984 1.391947
0.000000 0.000000 0.000000 1.000000
End-effector transform while moving to brick 1:
-0.063635 0.000324 -0.997973 -0.315728
0.993022 0.099510 -0.063287 0.029638
0.099288 -0.995037 -0.006654 1.391275
0.000000 0.000000 0.000000 1.000000
End-effector transform while moving to brick 1:
-0.072942 0.000425 -0.997336 -0.329118
0.990841 0.113969 -0.072418 0.033959
0.113634 -0.993484 -0.008734 1.390437
0.000000 0.000000 0.000000 1.000000
End-effector transform while moving to brick 1:
-0.082976 0.000548 -0.996551 -0.343509
0.988164 0.129514 -0.082206 0.038613
0.129023 -0.991577 -0.011288 1.389408
0.000000 0.000000 0.000000 1.000000
End-effector transform while moving to brick 1:
-0.093740 0.000697 -0.995596 -0.358893
0.984918 0.146134 -0.092632 0.043597
0.145426 -0.989265 -0.014385 1.388158
0.000000 0.000000 0.000000 1.000000
End-effector transform while moving to brick 1:
-0.105235 0.000875 -0.994447 -0.375259
0.981029 0.163811 -0.103671 0.048910
0.162810 -0.986491 -0.018097 1.386659
0.000000 0.000000 0.000000 1.000000
End-effector transform while moving to brick 1:
-0.117459 0.001084 -0.993077 -0.392593
0.976420 0.182517 -0.115289 0.054547
0.181129 -0.983202 -0.022497 1.384879
0.000000 0.000000 0.000000 1.000000
End-effector transform while moving to brick 1:
-0.130409 0.001328 -0.991459 -0.410874
0.971011 0.202222 -0.127449 0.060503
0.200325 -0.979339 -0.027661 1.382785
0.000000 0.000000 0.000000 1.000000
End-effector transform while moving to brick 1:
-0.144080 0.001610 -0.989565 -0.430080
0.964725 0.222884 -0.140101 0.066772
0.220332 -0.974844 -0.033666 1.380347
0.000000 0.000000 0.000000 1.000000
End-effector transform while moving to brick 1:
-0.158464 0.001931 -0.987363 -0.450185
0.957483 0.244455 -0.153190 0.073345
0.241070 -0.969659 -0.040586 1.377529
0.000000 0.000000 0.000000 1.000000
End-effector transform while moving to brick 1:
-0.173551 0.002295 -0.984822 -0.471157
0.949210 0.266882 -0.166654 0.080212
0.262449 -0.963726 -0.048496 1.374300
0.000000 0.000000 0.000000 1.000000
End-effector transform while moving to brick 1:
-0.189331 0.002702 -0.981910 -0.492966
0.939835 0.290102 -0.180420 0.087361
0.284366 -0.956992 -0.057465 1.370626
0.000000 0.000000 0.000000 1.000000
End-effector transform while moving to brick 1:
-0.205791 0.003154 -0.978591 -0.515574
0.929290 0.314045 -0.194411 0.094780
0.306708 -0.949403 -0.067558 1.366476
0.000000 0.000000 0.000000 1.000000
End-effector transform while moving to brick 1:
-0.222914 0.003650 -0.974831 -0.538944
0.917517 0.338636 -0.208540 0.102455
0.329351 -0.940911 -0.078835 1.361820
0.000000 0.000000 0.000000 1.000000
End-effector transform while moving to brick 1:
-0.240684 0.004190 -0.970594 -0.563036
0.904463 0.363792 -0.222715 0.110370
0.352161 -0.931471 -0.091349 1.356629
0.000000 0.000000 0.000000 1.000000
End-effector transform while moving to brick 1:
-0.259082 0.004773 -0.965844 -0.587807
0.890088 0.389426 -0.236836 0.118508
0.374995 -0.921045 -0.105142 1.350876
0.000000 0.000000 0.000000 1.000000
End-effector transform while moving to brick 1:
-0.278084 0.005396 -0.960542 -0.613213
0.874360 0.415445 -0.250800 0.126851
0.397699 -0.909602 -0.120247 1.344539
0.000000 0.000000 0.000000 1.000000
End-effector transform while moving to brick 1:
-0.297667 0.006056 -0.954650 -0.639209
0.857261 0.441751 -0.264498 0.135379
0.420116 -0.897117 -0.136687 1.337596
0.000000 0.000000 0.000000 1.000000
End-effector transform while moving to brick 1:
-0.317803 0.006748 -0.948133 -0.665748
0.838787 0.468244 -0.277820 0.144072
0.442083 -0.883574 -0.154469 1.330030
0.000000 0.000000 0.000000 1.000000
End-effector transform while moving to brick 1:
-0.338462 0.007465 -0.940951 -0.692782
0.818948 0.494819 -0.290652 0.152906
0.463430 -0.868964 -0.173591 1.321829
0.000000 0.000000 0.000000 1.000000
End-effector transform while moving to brick 1:
-0.359609 0.008203 -0.933067 -0.720263
0.797769 0.521371 -0.302881 0.161861
0.483990 -0.853290 -0.194034 1.312983
0.000000 0.000000 0.000000 1.000000
End-effector transform while moving to brick 1:
-0.381207 0.008952 -0.924446 -0.748142
0.775290 0.547796 -0.314396 0.170911
0.503594 -0.836564 -0.215764 1.303487
0.000000 0.000000 0.000000 1.000000
End-effector transform while moving to brick 1:
-0.403216 0.009704 -0.915054 -0.776371
0.751568 0.573989 -0.325089 0.180033
0.522076 -0.818806 -0.238734 1.293341
0.000000 0.000000 0.000000 1.000000
End-effector transform while moving to brick 1:
-0.425589 0.010450 -0.904856 -0.804899
0.726675 0.599846 -0.334856 0.189200
0.539275 -0.800047 -0.262882 1.282551
0.000000 0.000000 0.000000 1.000000
End-effector transform while moving to brick 1:
-0.448279 0.011180 -0.893824 -0.833679
0.700699 0.625268 -0.343600 0.198387
0.555038 -0.780330 -0.288128 1.271127
0.000000 0.000000 0.000000 1.000000
End-effector transform while moving to brick 1:
-0.471231 0.011884 -0.881930 -0.862661
0.673742 0.650161 -0.351232 0.207567
0.569222 -0.759704 -0.314383 1.259083
0.000000 0.000000 0.000000 1.000000
End-effector transform while moving to brick 1:
-0.494389 0.012551 -0.869150 -0.891797
0.645919 0.674433 -0.357672 0.216714
0.581694 -0.738229 -0.341539 1.246439
0.000000 0.000000 0.000000 1.000000
End-effector transform while moving to brick 1:
-0.517693 0.013171 -0.855465 -0.921042
0.617358 0.698002 -0.362853 0.225801
0.592338 -0.715974 -0.369482 1.233220
0.000000 0.000000 0.000000 1.000000
End-effector transform while moving to brick 1:
-0.541076 0.013733 -0.840862 -0.950346
0.588197 0.720792 -0.366720 0.234801
0.601050 -0.693015 -0.398081 1.219455
0.000000 0.000000 0.000000 1.000000
End-effector transform while moving to brick 1:
-0.564471 0.014228 -0.825330 -0.979667
0.558583 0.742735 -0.369229 0.243688
0.607748 -0.669434 -0.427200 1.205179
0.000000 0.000000 0.000000 1.000000
End-effector transform while moving to brick 1:
-0.587807 0.014648 -0.808868 -1.008958
0.528668 0.763772 -0.370353 0.252435
0.612366 -0.645320 -0.456695 1.190430
0.000000 0.000000 0.000000 1.000000
End-effector transform while moving to brick 1:
-0.611012 0.014985 -0.791480 -1.038176
0.498612 0.783854 -0.370080 0.261018
0.614859 -0.620765 -0.486416 1.175250
0.000000 0.000000 0.000000 1.000000
End-effector transform while moving to brick 1:
-0.634008 0.015233 -0.773176 -1.067280
0.468572 0.802940 -0.368412 0.269413
0.615202 -0.595865 -0.516208 1.159683
0.000000 0.000000 0.000000 1.000000
End-effector transform while moving to brick 1:
-0.656722 0.015386 -0.753976 -1.096228
0.438708 0.821001 -0.365366 0.277595
0.613393 -0.570719 -0.545920 1.143779
0.000000 0.000000 0.000000 1.000000
End-effector transform while moving to brick 1:
-0.679076 0.015443 -0.733905 -1.124981
0.409177 0.838017 -0.360974 0.285543
0.609450 -0.545426 -0.575396 1.127589
0.000000 0.000000 0.000000 1.000000
End-effector transform while moving to brick 1:
-0.700996 0.015400 -0.712999 -1.153499
0.380129 0.853976 -0.355284 0.293237
0.603413 -0.520084 -0.604487 1.111164
0.000000 0.000000 0.000000 1.000000
End-effector transform while moving to brick 1:
-0.722406 0.015259 -0.691300 -1.181745
0.351708 0.868879 -0.348355 0.300657
0.595341 -0.494790 -0.633050 1.094560
0.000000 0.000000 0.000000 1.000000
End-effector transform while moving to brick 1:
-0.743238 0.015021 -0.668859 -1.209683
0.324049 0.882732 -0.340260 0.307787
0.585311 -0.469637 -0.660947 1.077832
0.000000 0.000000 0.000000 1.000000
End-effector transform while moving to brick 1:
-0.763422 0.014691 -0.645732 -1.237278
0.297276 0.895551 -0.331083 0.314612
0.573422 -0.444717 -0.688051 1.061035
0.000000 0.000000 0.000000 1.000000
End-effector transform while moving to brick 1:
-0.782897 0.014274 -0.621987 -1.264496
0.271500 0.907359 -0.320915 0.321118
0.559785 -0.420113 -0.714245 1.044224
0.000000 0.000000 0.000000 1.000000
End-effector transform while moving to brick 1:
-0.801605 0.013777 -0.597696 -1.291303
0.246819 0.918187 -0.309859 0.327296
0.544528 -0.395907 -0.739424 1.027455
0.000000 0.000000 0.000000 1.000000
End-effector transform while moving to brick 1:
-0.819494 0.013208 -0.572936 -1.317668
0.223315 0.928070 -0.298021 0.333138
0.527788 -0.372171 -0.763497 1.010781
0.000000 0.000000 0.000000 1.000000
End-effector transform while moving to brick 1:
-0.836520 0.012577 -0.547792 -1.343558
0.201056 0.937048 -0.285512 0.338637
0.509717 -0.348973 -0.786388 0.994254
0.000000 0.000000 0.000000 1.000000
End-effector transform while moving to brick 1:
-0.852646 0.011894 -0.522354 -1.368945
0.180093 0.945166 -0.272448 0.343790
0.490470 -0.326374 -0.808034 0.977925
0.000000 0.000000 0.000000 1.000000
End-effector transform while moving to brick 1:
-0.867844 0.011170 -0.496712 -1.393797
0.160464 0.952471 -0.258941 0.348596
0.470211 -0.304425 -0.828388 0.961841
0.000000 0.000000 0.000000 1.000000
End-effector transform while moving to brick 1:
-0.882092 0.010415 -0.470963 -1.418087
0.142190 0.959012 -0.245107 0.353058
0.449106 -0.283173 -0.847418 0.946048
0.000000 0.000000 0.000000 1.000000
End-effector transform while moving to brick 1:
-0.895378 0.009641 -0.445203 -1.441785
0.125276 0.964841 -0.231057 0.357178
0.427322 -0.262656 -0.865105 0.930587
0.000000 0.000000 0.000000 1.000000
End-effector transform while moving to brick 1:
-0.907699 0.008860 -0.419529 -1.464866
0.109716 0.970009 -0.216898 0.360962
0.405026 -0.242907 -0.881448 0.915499
0.000000 0.000000 0.000000 1.000000
End-effector transform while moving to brick 1:
-0.919058 0.008080 -0.394040 -1.487303
0.095489 0.974567 -0.202734 0.364419
0.382380 -0.223951 -0.896455 0.900819
0.000000 0.000000 0.000000 1.000000
End-effector transform while moving to brick 1:
-0.929468 0.007312 -0.368831 -1.509070
0.082563 0.978566 -0.188660 0.367559
0.359546 -0.205805 -0.910149 0.886580
0.000000 0.000000 0.000000 1.000000
End-effector transform while moving to brick 1:
-0.938948 0.006566 -0.343995 -1.530143
0.070895 0.982054 -0.174767 0.370394
0.336674 -0.188485 -0.922564 0.872811
0.000000 0.000000 0.000000 1.000000
End-effector transform while moving to brick 1:
-0.947527 0.005847 -0.319623 -1.550499
0.060434 0.985080 -0.161136 0.372937
0.313912 -0.171997 -0.933743 0.859539
0.000000 0.000000 0.000000 1.000000
End-effector transform while moving to brick 1:
-0.955235 0.005164 -0.295802 -1.570114
0.051121 0.987689 -0.147840 0.375202
0.291397 -0.156344 -0.943740 0.846785
0.000000 0.000000 0.000000 1.000000
End-effector transform while moving to brick 1:
-0.962113 0.004522 -0.272613 -1.588968
0.042889 0.989924 -0.134945 0.377205
0.269256 -0.141525 -0.952613 0.834569
0.000000 0.000000 0.000000 1.000000
End-effector transform while moving to brick 1:
-0.968204 0.003925 -0.250132 -1.607042
0.035670 0.991826 -0.122508 0.378964
0.247607 -0.127535 -0.960430 0.822906
0.000000 0.000000 0.000000 1.000000
End-effector transform while moving to brick 1:
-0.973555 0.003375 -0.228429 -1.624316
0.029389 0.993433 -0.110575 0.380495
0.226556 -0.114365 -0.967261 0.811810
0.000000 0.000000 0.000000 1.000000
End-effector transform while moving to brick 1:
-0.978216 0.002875 -0.207569 -1.640776
0.023971 0.994780 -0.099189 0.381816
0.206201 -0.102004 -0.973179 0.801290
0.000000 0.000000 0.000000 1.000000
End-effector transform while moving to brick 1:
-0.982241 0.002426 -0.187609 -1.656407
0.019340 0.995899 -0.088379 0.382946
0.186625 -0.090438 -0.978260 0.791352
0.000000 0.000000 0.000000 1.000000
End-effector transform while moving to brick 1:
-0.985683 0.002025 -0.168597 -1.671196
0.015419 0.996821 -0.078170 0.383902
0.167903 -0.079651 -0.982580 0.782000
0.000000 0.000000 0.000000 1.000000
End-effector transform while moving to brick 1:
-0.988597 0.001674 -0.150578 -1.685134
0.012135 0.997572 -0.068580 0.384702
0.150098 -0.069625 -0.986217 0.773235
0.000000 0.000000 0.000000 1.000000
End-effector transform while moving to brick 1:
-0.991036 0.001368 -0.133586 -1.698215
0.009414 0.998177 -0.059619 0.385363
0.133261 -0.060342 -0.989242 0.765055
0.000000 0.000000 0.000000 1.000000
End-effector transform while moving to brick 1:
-0.993054 0.001106 -0.117650 -1.710432
0.007189 0.998658 -0.051292 0.385902
0.117435 -0.051782 -0.991730 0.757458
0.000000 0.000000 0.000000 1.000000
End-effector transform while moving to brick 1:
-0.994703 0.000884 -0.102789 -1.721786
0.005393 0.999035 -0.043599 0.386334
0.102652 -0.043922 -0.993747 0.750437
0.000000 0.000000 0.000000 1.000000
End-effector transform while moving to brick 1:
-0.996030 0.000699 -0.089018 -1.732278
0.003966 0.999325 -0.036533 0.386676
0.088932 -0.036741 -0.995360 0.743983
0.000000 0.000000 0.000000 1.000000
End-effector transform while moving to brick 1:
-0.997082 0.000546 -0.076340 -1.741914
0.002851 0.999543 -0.030086 0.386940
0.076289 -0.030216 -0.996628 0.738085
0.000000 0.000000 0.000000 1.000000
End-effector transform while moving to brick 1:
-0.997901 0.000422 -0.064755 -1.750703
0.001996 0.999704 -0.024244 0.387139
0.064726 -0.024323 -0.997607 0.732733
0.000000 0.000000 0.000000 1.000000
End-effector transform while moving to brick 1:
-0.998527 0.000323 -0.054254 -1.758657
0.001355 0.999819 -0.018991 0.387285
0.054238 -0.019037 -0.998347 0.727911
0.000000 0.000000 0.000000 1.000000
End-effector transform while moving to brick 1:
-0.998995 0.000245 -0.044821 -1.765793
0.000887 0.999897 -0.014307 0.387389
0.044813 -0.014333 -0.998893 0.723603
0.000000 0.000000 0.000000 1.000000
End-effector transform while moving to brick 1:
-0.999336 0.000185 -0.036433 -1.772133
0.000555 0.999948 -0.010171 0.387459
0.036429 -0.010184 -0.999284 0.719790
0.000000 0.000000 0.000000 1.000000
End-effector transform while moving to brick 1:
-0.999578 0.000139 -0.029060 -1.777701
0.000329 0.999978 -0.006558 0.387504
0.029058 -0.006564 -0.999556 0.716453
0.000000 0.000000 0.000000 1.000000
End-effector transform while moving to brick 1:
-0.999743 0.000105 -0.022665 -1.782528
0.000183 0.999994 -0.003441 0.387530
0.022664 -0.003444 -0.999737 0.713569
0.000000 0.000000 0.000000 1.000000
End-effector transform while moving to brick 1:
-0.999852 0.000079 -0.017204 -1.786647
0.000093 1.000000 -0.000793 0.387543
0.017204 -0.000795 -0.999852 0.711115
0.000000 0.000000 0.000000 1.000000
End-effector transform while moving to brick 1:
-0.999920 0.000061 -0.012628 -1.790098
0.000044 0.999999 0.001417 0.387547
0.012628 0.001416 -0.999919 0.709063
0.000000 0.000000 0.000000 1.000000
End-effector transform while moving to brick 1:
-0.999961 0.000049 -0.008878 -1.792925
0.000020 0.999995 0.003221 0.387546
0.008878 0.003220 -0.999955 0.707386
0.000000 0.000000 0.000000 1.000000
End-effector transform while moving to brick 1:
-0.999983 0.000040 -0.005892 -1.795177
0.000012 0.999989 0.004653 0.387542
0.005892 0.004653 -0.999972 0.706052
0.000000 0.000000 0.000000 1.000000
End-effector transform while moving to brick 1:
-0.999994 0.000034 -0.003597 -1.796906
0.000013 0.999983 0.005752 0.387537
0.003597 0.005752 -0.999977 0.705029
0.000000 0.000000 0.000000 1.000000
End-effector transform while moving to brick 1:
-0.999998 0.000030 -0.001917 -1.798173
0.000017 0.999979 0.006555 0.387533
0.001917 0.006555 -0.999977 0.704281
0.000000 0.000000 0.000000 1.000000
End-effector transform while moving to brick 1:
-1.000000 0.000028 -0.000766 -1.799040
0.000022 0.999975 0.007104 0.387530
0.000767 0.007104 -0.999974 0.703769
0.000000 0.000000 0.000000 1.000000
End-effector transform while moving to brick 1:
-1.000000 0.000026 -0.000054 -1.799577
0.000026 0.999972 0.007444 0.387527
0.000054 0.007444 -0.999972 0.703451
0.000000 0.000000 0.000000 1.000000
End-effector transform while moving to brick 1:
-1.000000 0.000025 0.000320 -1.799858
0.000028 0.999971 0.007622 0.387526
-0.000320 0.007622 -0.999971 0.703285
0.000000 0.000000 0.000000 1.000000
End-effector transform while moving to brick 1:
-1.000000 0.000025 0.000460 -1.799964
0.000029 0.999970 0.007689 0.387525
-0.000460 0.007689 -0.999970 0.703223
0.000000 0.000000 0.000000 1.000000
End-effector transform while moving to brick 1:
-1.000000 0.000025 0.000481 -1.799979
0.000029 0.999970 0.007698 0.387525
-0.000481 0.007698 -0.999970 0.703214
0.000000 0.000000 0.000000 1.000000
Gripping the brick with fingers.\nFinal joint angles for placing brick 1:
-0.001797 1.903057 -0.917701 -1.730137 -5.206112 1.570781 -4.380129 \nEnd-effector transform while moving brick 1 to final location:
-1.000000 0.000025 0.000481 -1.799979
0.000029 0.999970 0.007698 0.387525
-0.000481 0.007698 -0.999970 0.703214
0.000000 0.000000 0.000000 1.000000
End-effector transform while moving brick 1 to final location:
-1.000000 -0.000039 0.000502 -1.799967
-0.000035 0.999970 0.007758 0.387533
-0.000502 0.007758 -0.999970 0.703224
0.000000 0.000000 0.000000 1.000000
End-effector transform while moving brick 1 to final location:
-1.000000 -0.000479 0.000648 -1.799883
-0.000473 0.999967 0.008171 0.387588
-0.000652 0.008171 -0.999966 0.703293
0.000000 0.000000 0.000000 1.000000
End-effector transform while moving brick 1 to final location:
-0.999998 -0.001650 0.001037 -1.799659
-0.001640 0.999956 0.009269 0.387733
-0.001052 0.009268 -0.999957 0.703479
0.000000 0.000000 0.000000 1.000000
End-effector transform while moving brick 1 to final location:
-0.999991 -0.003885 0.001776 -1.799232
-0.003864 0.999928 0.011366 0.388010
-0.001820 0.011359 -0.999934 0.703833
0.000000 0.000000 0.000000 1.000000
End-effector transform while moving brick 1 to final location:
-0.999968 -0.007496 0.002962 -1.798543
-0.007452 0.999863 0.014753 0.388456
-0.003072 0.014731 -0.999887 0.704406
0.000000 0.000000 0.000000 1.000000
End-effector transform while moving brick 1 to final location:
-0.999907 -0.012779 0.004679 -1.797539
-0.012684 0.999725 0.019706 0.389106
-0.004930 0.019645 -0.999795 0.705247
0.000000 0.000000 0.000000 1.000000
End-effector transform while moving brick 1 to final location:
-0.999775 -0.020007 0.006994 -1.796173
-0.019815 0.999453 0.026481 0.389990
-0.007520 0.026337 -0.999625 0.706400
0.000000 0.000000 0.000000 1.000000
End-effector transform while moving brick 1 to final location:
-0.999517 -0.029440 0.009955 -1.794403
-0.029072 0.998953 0.035320 0.391136
-0.010985 0.035013 -0.999326 0.707911
0.000000 0.000000 0.000000 1.000000
End-effector transform while moving brick 1 to final location:
-0.999054 -0.041320 0.013590 -1.792193
-0.040649 0.998093 0.046446 0.392565
-0.015484 0.045850 -0.998828 0.709823
0.000000 0.000000 0.000000 1.000000
End-effector transform while moving brick 1 to final location:
-0.998277 -0.055872 0.017901 -1.789513
-0.054707 0.996694 0.060070 0.394297
-0.021198 0.058987 -0.998034 0.712182
0.000000 0.000000 0.000000 1.000000
End-effector transform while moving brick 1 to final location:
-0.997048 -0.073302 0.022861 -1.786341
-0.071365 0.994521 0.076384 0.396342
-0.028335 0.074527 -0.996816 0.715032
0.000000 0.000000 0.000000 1.000000
End-effector transform while moving brick 1 to final location:
-0.995186 -0.093795 0.028413 -1.782662
-0.090699 0.991283 0.095562 0.398708
-0.037129 0.092524 -0.995018 0.718418
0.000000 0.000000 0.000000 1.000000
End-effector transform while moving brick 1 to final location:
-0.992474 -0.117508 0.034468 -1.778468
-0.112725 0.986624 0.117758 0.401395
-0.047844 0.112986 -0.992444 0.722388
0.000000 0.000000 0.000000 1.000000
End-effector transform while moving brick 1 to final location:
-0.988650 -0.144565 0.040897 -1.773758
-0.137399 0.980124 0.143102 0.404396
-0.060772 0.135858 -0.988863 0.726990
0.000000 0.000000 0.000000 1.000000
End-effector transform while moving brick 1 to final location:
-0.983411 -0.175052 0.047535 -1.768537
-0.164598 0.971303 0.171693 0.407695
-0.076226 0.161021 -0.984003 0.732274
0.000000 0.000000 0.000000 1.000000
End-effector transform while moving brick 1 to final location:
-0.976414 -0.209000 0.054179 -1.762818
-0.194108 0.959620 0.203596 0.411268
-0.094542 0.188277 -0.977555 0.738295
0.000000 0.000000 0.000000 1.000000
End-effector transform while moving brick 1 to final location:
-0.967278 -0.246379 0.060582 -1.756621
-0.225616 0.944488 0.238830 0.415080
-0.116062 0.217347 -0.969170 0.745105
0.000000 0.000000 0.000000 1.000000
End-effector transform while moving brick 1 to final location:
-0.955597 -0.287083 0.066463 -1.749970
-0.258686 0.925285 0.277363 0.419085
-0.141124 0.247854 -0.958464 0.752762
0.000000 0.000000 0.000000 1.000000
End-effector transform while moving brick 1 to final location:
-0.940946 -0.330919 0.071502 -1.742896
-0.292753 0.901372 0.319098 0.423224
-0.170046 0.279322 -0.945020 0.761323
0.000000 0.000000 0.000000 1.000000
End-effector transform while moving brick 1 to final location:
-0.922901 -0.377593 0.075349 -1.735429
-0.327110 0.872124 0.363867 0.427424
-0.203107 0.311166 -0.928398 0.770847
0.000000 0.000000 0.000000 1.000000
End-effector transform while moving brick 1 to final location:
-0.901056 -0.426700 0.077628 -1.727605
-0.360899 0.836952 0.411416 0.431597
-0.240522 0.342693 -0.908136 0.781391
0.000000 0.000000 0.000000 1.000000
End-effector transform while moving brick 1 to final location:
-0.875048 -0.477718 0.077948 -1.719457
-0.393107 0.795349 0.461396 0.435639
-0.282413 0.373102 -0.883764 0.793013
0.000000 0.000000 0.000000 1.000000
End-effector transform while moving brick 1 to final location:
-0.844589 -0.530005 0.075916 -1.711016
-0.422577 0.746927 0.513351 0.439430
-0.328783 0.401491 -0.854814 0.805766
0.000000 0.000000 0.000000 1.000000
End-effector transform while moving brick 1 to final location:
-0.809491 -0.582806 0.071150 -1.702308
-0.448016 0.691459 0.566716 0.442830
-0.379482 0.426875 -0.820836 0.819701
0.000000 0.000000 0.000000 1.000000
End-effector transform while moving brick 1 to final location:
-0.769701 -0.635259 0.063297 -1.693350
-0.468026 0.628932 0.620802 0.445685
-0.434180 0.448207 -0.781408 0.834861
0.000000 0.000000 0.000000 1.000000
End-effector transform while moving brick 1 to final location:
-0.725332 -0.686428 0.052057 -1.684147
-0.481144 0.559589 0.674804 0.447821
-0.492335 0.464410 -0.736158 0.851280
0.000000 0.000000 0.000000 1.000000
End-effector transform while moving brick 1 to final location:
-0.676693 -0.735325 0.037201 -1.674687
-0.485888 0.483965 0.727799 0.449050
-0.553173 0.474421 -0.684781 0.868983
0.000000 0.000000 0.000000 1.000000
End-effector transform while moving brick 1 to final location:
-0.624303 -0.780961 0.018595 -1.664941
-0.480832 0.402920 0.778753 0.449168
-0.615668 0.477237 -0.627055 0.887980
0.000000 0.000000 0.000000 1.000000
End-effector transform while moving brick 1 to final location:
-0.568906 -0.822394 -0.003773 -1.654854
-0.464676 0.317657 0.826541 0.447963
-0.678544 0.471978 -0.562864 0.908266
0.000000 0.000000 0.000000 1.000000
End-effector transform while moving brick 1 to final location:
-0.511465 -0.858788 -0.029771 -1.644347
-0.436341 0.229712 0.869965 0.445213
-0.740277 0.457947 -0.492214 0.929817
0.000000 0.000000 0.000000 1.000000
End-effector transform while moving brick 1 to final location:
-0.453139 -0.889479 -0.059103 -1.633308
-0.395051 0.140936 0.907784 0.440697
-0.799125 0.434701 -0.415253 0.952585
0.000000 0.000000 0.000000 1.000000
End-effector transform while moving brick 1 to final location:
-0.395240 -0.914030 -0.091297 -1.621595
-0.340428 0.053439 0.938751 0.434197
-0.853167 0.402112 -0.332283 0.976503
0.000000 0.000000 0.000000 1.000000
End-effector transform while moving brick 1 to final location:
-0.339176 -0.932289 -0.125689 -1.609033
-0.272568 -0.030485 0.961653 0.425506
-0.900370 0.360429 -0.243773 1.001472
0.000000 0.000000 0.000000 1.000000
End-effector transform while moving brick 1 to final location:
-0.286369 -0.944423 -0.161424 -1.595411
-0.192104 -0.108462 0.975363 0.414436
-0.938663 0.310324 -0.150367 1.027370
0.000000 0.000000 0.000000 1.000000
End-effector transform while moving brick 1 to final location:
-0.238160 -0.950941 -0.197462 -1.580487
-0.100237 -0.178160 0.978883 0.400828
-0.966039 0.252924 -0.052889 1.054043
0.000000 0.000000 0.000000 1.000000
End-effector transform while moving brick 1 to final location:
-0.195705 -0.952678 -0.232601 -1.563990
0.001259 -0.237431 0.971403 0.384560
-0.980662 0.189816 0.047666 1.081308
0.000000 0.000000 0.000000 1.000000
End-effector transform while moving brick 1 to final location:
-0.159874 -0.950763 -0.265498 -1.545624
0.110079 -0.284452 0.952350 0.365555
-0.980981 0.123030 0.150135 1.108952
0.000000 0.000000 0.000000 1.000000
End-effector transform while moving brick 1 to final location:
-0.131154 -0.946542 -0.294716 -1.525075
0.223468 -0.317860 0.921427 0.343789
-0.965847 0.054989 0.253210 1.136737
0.000000 0.000000 0.000000 1.000000
End-effector transform while moving brick 1 to final location:
-0.109575 -0.941478 -0.318768 -1.502022
0.338341 -0.336877 0.878658 0.319301
-0.934622 -0.011574 0.355454 1.164397
0.000000 0.000000 0.000000 1.000000
End-effector transform while moving brick 1 to final location:
-0.094669 -0.937027 -0.336182 -1.476145
0.451444 -0.341389 0.824410 0.292195
-0.887263 -0.073721 0.455334 1.191643
0.000000 0.000000 0.000000 1.000000
End-effector transform while moving brick 1 to final location:
-0.085466 -0.934496 -0.345562 -1.447136
0.559535 -0.331991 0.759409 0.262647
-0.824388 -0.128451 0.551257 1.218172
0.000000 0.000000 0.000000 1.000000
End-effector transform while moving brick 1 to final location:
-0.080532 -0.934899 -0.345657 -1.414716
0.659585 -0.309981 0.684733 0.230905
-0.747304 -0.172847 0.641608 1.243666
0.000000 0.000000 0.000000 1.000000
End-effector transform while moving brick 1 to final location:
-0.078062 -0.938827 -0.335426 -1.378644
0.748967 -0.277287 0.601797 0.197285
-0.657993 -0.204246 0.724796 1.267802
0.000000 0.000000 0.000000 1.000000
End-effector transform while moving brick 1 to final location:
-0.076006 -0.946341 -0.314106 -1.338734
0.825634 -0.236356 0.512313 0.162171
-0.559063 -0.220397 0.799295 1.290257
0.000000 0.000000 0.000000 1.000000
End-effector transform while moving brick 1 to final location:
-0.072240 -0.956910 -0.281257 -1.294863
0.888248 -0.189985 0.418237 0.126004
-0.453649 -0.219613 0.863697 1.310719
0.000000 0.000000 0.000000 1.000000
End-effector transform while moving brick 1 to final location:
-0.064747 -0.969396 -0.236812 -1.246986
0.936265 -0.141123 0.321703 0.089271
-0.345277 -0.200889 0.916748 1.328891
0.000000 0.000000 0.000000 1.000000
End-effector transform while moving brick 1 to final location:
-0.051812 -0.982100 -0.181094 -1.195139
0.969956 -0.092650 0.224945 0.052495
-0.237697 -0.163998 0.957395 1.344500
0.000000 0.000000 0.000000 1.000000
End-effector transform while moving brick 1 to final location:
-0.032192 -0.992864 -0.114826 -1.139450
0.990363 -0.047170 0.130212 0.016216
-0.134699 -0.109528 0.984815 1.357306
0.000000 0.000000 0.000000 1.000000
End-effector transform while moving brick 1 to final location:
-0.005261 -0.999221 -0.039119 -1.080138
0.999189 -0.006814 0.039676 -0.019023
-0.039912 -0.038879 0.998447 1.367104
0.000000 0.000000 0.000000 1.000000
End-effector transform while moving brick 1 to final location:
0.028897 -0.998589 0.044562 -1.017509
0.998640 0.026907 -0.044648 -0.052695
0.043386 0.045792 0.998008 1.373737
0.000000 0.000000 0.000000 1.000000
End-effector transform while moving brick 1 to final location:
0.069459 -0.988483 0.134451 -0.951955
0.991228 0.053196 -0.120983 -0.084306
0.112438 0.141675 0.983507 1.377096
0.000000 0.000000 0.000000 1.000000
End-effector transform while moving brick 1 to final location:
0.114891 -0.966731 0.228540 -0.883944
0.979554 0.072005 -0.187856 -0.113408
0.165150 0.245450 0.955238 1.377122
0.000000 0.000000 0.000000 1.000000
End-effector transform while moving brick 1 to final location:
0.163048 -0.931670 0.324663 -0.814004
0.966094 0.083994 -0.244146 -0.139619
0.200194 0.353462 0.913776 1.373811
0.000000 0.000000 0.000000 1.000000
End-effector transform while moving brick 1 to final location:
0.211325 -0.882301 0.420579 -0.742715
0.953011 0.090442 -0.289121 -0.162630
0.217054 0.461914 0.859955 1.367213
0.000000 0.000000 0.000000 1.000000
End-effector transform while moving brick 1 to final location:
0.256848 -0.818396 0.514059 -0.670685
0.941998 0.093101 -0.322448 -0.182215
0.216032 0.567062 0.794840 1.357432
0.000000 0.000000 0.000000 1.000000
End-effector transform while moving brick 1 to final location:
0.296687 -0.740541 0.602972 -0.598536
0.934181 0.094016 -0.344190 -0.198234
0.198198 0.665402 0.719693 1.344620
0.000000 0.000000 0.000000 1.000000
End-effector transform while moving brick 1 to final location:
0.328073 -0.650111 0.685364 -0.526889
0.930077 0.095341 -0.354776 -0.210639
0.165301 0.753834 0.635932 1.328973
0.000000 0.000000 0.000000 1.000000
End-effector transform while moving brick 1 to final location:
0.348594 -0.549184 0.759525 -0.456339
0.929606 0.099145 -0.354968 -0.219465
0.119640 0.829799 0.545086 1.310730
0.000000 0.000000 0.000000 1.000000
End-effector transform while moving brick 1 to final location:
0.356363 -0.440411 0.824041 -0.387445
0.932159 0.107250 -0.345800 -0.224830
0.063916 0.891367 0.448753 1.290159
0.000000 0.000000 0.000000 1.000000
End-effector transform while moving brick 1 to final location:
0.350129 -0.326836 0.877831 -0.320715
0.936701 0.121100 -0.328521 -0.226923
0.001067 0.937290 0.348548 1.267558
0.000000 0.000000 0.000000 1.000000
End-effector transform while moving brick 1 to final location:
0.329344 -0.211704 0.920171 -0.256595
0.941908 0.141675 -0.304529 -0.225995
-0.065895 0.967011 0.246066 1.243241
0.000000 0.000000 0.000000 1.000000
End-effector transform while moving brick 1 to final location:
0.294166 -0.098268 0.950689 -0.195460
0.946309 0.169445 -0.275296 -0.222344
-0.134036 0.980628 0.142837 1.217531
0.000000 0.000000 0.000000 1.000000
End-effector transform while moving brick 1 to final location:
0.245419 0.010401 0.969361 -0.137608
0.948427 0.204380 -0.242311 -0.216308
-0.200638 0.978836 0.040294 1.190757
0.000000 0.000000 0.000000 1.000000
End-effector transform while moving brick 1 to final location:
0.184500 0.111565 0.976480 -0.083261
0.946906 0.245992 -0.207017 -0.208242
-0.263302 0.962830 -0.060256 1.163241
0.000000 0.000000 0.000000 1.000000
End-effector transform while moving brick 1 to final location:
0.113264 0.202943 0.972618 -0.032566
0.940612 0.293411 -0.170759 -0.198512
-0.320031 0.934197 -0.157658 1.135296
0.000000 0.000000 0.000000 1.000000
End-effector transform while moving brick 1 to final location:
0.033886 0.282792 0.958583 0.014405
0.928702 0.345478 -0.134750 -0.187484
-0.369275 0.894804 -0.250922 1.107218
0.000000 0.000000 0.000000 1.000000
End-effector transform while moving brick 1 to final location:
-0.051286 0.349936 0.935369 0.057645
0.910666 0.400849 -0.100033 -0.175507
-0.409947 0.846678 -0.339233 1.079281
0.000000 0.000000 0.000000 1.000000
End-effector transform while moving brick 1 to final location:
-0.139868 0.403776 0.904103 0.097207
0.886335 0.458102 -0.067471 -0.162909
-0.441415 0.791901 -0.421954 1.051736
0.000000 0.000000 0.000000 1.000000
End-effector transform while moving brick 1 to final location:
-0.229563 0.444242 0.865996 0.133195
0.855860 0.515828 -0.037735 -0.149989
-0.463469 0.732510 -0.498624 1.024804
0.000000 0.000000 0.000000 1.000000
End-effector transform while moving brick 1 to final location:
-0.318263 0.471739 0.822296 0.165755
0.819678 0.572713 -0.011307 -0.137015
-0.476274 0.670419 -0.568948 0.998679
0.000000 0.000000 0.000000 1.000000
End-effector transform while moving brick 1 to final location:
-0.404126 0.487066 0.774241 0.195065
0.778453 0.627598 0.011510 -0.124214
-0.480306 0.607361 -0.632786 0.973525
0.000000 0.000000 0.000000 1.000000
End-effector transform while moving brick 1 to final location:
-0.485624 0.491322 0.723029 0.221326
0.733020 0.679520 0.030578 -0.111778
-0.476289 0.544844 -0.690140 0.949474
0.000000 0.000000 0.000000 1.000000
End-effector transform while moving brick 1 to final location:
-0.561572 0.485822 0.669787 0.244754
0.684321 0.727735 0.045904 -0.099861
-0.465126 0.484127 -0.741133 0.926631
0.000000 0.000000 0.000000 1.000000
End-effector transform while moving brick 1 to final location:
-0.631122 0.472004 0.615546 0.265575
0.633346 0.771721 0.057612 -0.088581
-0.447837 0.426214 -0.785992 0.905073
0.000000 0.000000 0.000000 1.000000
End-effector transform while moving brick 1 to final location:
-0.693756 0.451355 0.561231 0.284014
0.581079 0.811172 0.065927 -0.078022
-0.425499 0.371858 -0.825029 0.884854
0.000000 0.000000 0.000000 1.000000
End-effector transform while moving brick 1 to final location:
-0.749249 0.425346 0.507649 0.300290
0.528460 0.845972 0.071146 -0.068239
-0.399195 0.321578 -0.858621 0.866002
0.000000 0.000000 0.000000 1.000000
End-effector transform while moving brick 1 to final location:
-0.797629 0.395374 0.455486 0.314618
0.476345 0.876171 0.073616 -0.059261
-0.369978 0.275687 -0.887194 0.848527
0.000000 0.000000 0.000000 1.000000
End-effector transform while moving brick 1 to final location:
-0.839136 0.362730 0.405311 0.327196
0.425490 0.901956 0.073716 -0.051094
-0.338834 0.234313 -0.911202 0.832421
0.000000 0.000000 0.000000 1.000000
End-effector transform while moving brick 1 to final location:
-0.874173 0.328571 0.357578 0.338213
0.376537 0.923612 0.071836 -0.043728
-0.306660 0.197438 -0.931116 0.817660
0.000000 0.000000 0.000000 1.000000
End-effector transform while moving brick 1 to final location:
-0.903261 0.293902 0.312636 0.347838
0.330007 0.941500 0.068365 -0.037134
-0.274255 0.164923 -0.947409 0.804210
0.000000 0.000000 0.000000 1.000000
End-effector transform while moving brick 1 to final location:
-0.926994 0.259578 0.270741 0.356227
0.286303 0.956021 0.063676 -0.031279
-0.242305 0.136541 -0.960544 0.792027
0.000000 0.000000 0.000000 1.000000
End-effector transform while moving brick 1 to final location:
-0.946011 0.226299 0.232061 0.363520
0.245720 0.967597 0.058119 -0.026115
-0.211389 0.112004 -0.970963 0.781059
0.000000 0.000000 0.000000 1.000000
End-effector transform while moving brick 1 to final location:
-0.960954 0.194625 0.196692 0.369840
0.208450 0.976649 0.052013 -0.021596
-0.181976 0.090983 -0.979085 0.771249
0.000000 0.000000 0.000000 1.000000
End-effector transform while moving brick 1 to final location:
-0.972453 0.164984 0.164667 0.375298
0.174600 0.983581 0.045640 -0.017670
-0.154434 0.073134 -0.985293 0.762536
0.000000 0.000000 0.000000 1.000000
End-effector transform while moving brick 1 to final location:
-0.981100 0.137685 0.135966 0.379991
0.144200 0.988770 0.039245 -0.014285
-0.129036 0.058109 -0.989936 0.754857
0.000000 0.000000 0.000000 1.000000
End-effector transform while moving brick 1 to final location:
-0.987436 0.112934 0.110524 0.384003
0.117217 0.992557 0.033032 -0.011390
-0.105971 0.045573 -0.993324 0.748149
0.000000 0.000000 0.000000 1.000000
End-effector transform while moving brick 1 to final location:
-0.991947 0.090851 0.088242 0.387409
0.093570 0.995242 0.027168 -0.008937
-0.085354 0.035206 -0.995728 0.742347
0.000000 0.000000 0.000000 1.000000
End-effector transform while moving brick 1 to final location:
-0.995053 0.071477 0.068990 0.390275
0.073133 0.997084 0.021780 -0.006880
-0.067232 0.026718 -0.997380 0.737387
0.000000 0.000000 0.000000 1.000000
End-effector transform while moving brick 1 to final location:
-0.997111 0.054790 0.052613 0.392659
0.055750 0.998301 0.016961 -0.005175
-0.051594 0.019845 -0.998471 0.733206
0.000000 0.000000 0.000000 1.000000
End-effector transform while moving brick 1 to final location:
-0.998412 0.040712 0.038936 0.394614
0.041237 0.999068 0.012768 -0.003784
-0.038380 0.014354 -0.999160 0.729740
0.000000 0.000000 0.000000 1.000000
End-effector transform while moving brick 1 to final location:
-0.999190 0.029122 0.027766 0.396186
0.029388 0.999525 0.009230 -0.002671
-0.027484 0.010038 -0.999572 0.726927
0.000000 0.000000 0.000000 1.000000
End-effector transform while moving brick 1 to final location:
-0.999624 0.019856 0.018893 0.397421
0.019979 0.999780 0.006345 -0.001800
-0.018762 0.006720 -0.999801 0.724704
0.000000 0.000000 0.000000 1.000000
End-effector transform while moving brick 1 to final location:
-0.999846 0.012720 0.012091 0.398358
0.012770 0.999910 0.004089 -0.001141
